-16.84783860876505 -4.223567547547276 
-16.63004278818491 -4.919837210146415 
-16.60272823502023 -5.262972737691073 
-16.446762097367735 -5.759365746113833 
-18.19674799304302 -2.708057532778977 
-19.775271672203345 0.16444828728033684 
-16.790092194924284 -4.420085715919823 
-18.220244519952246 -2.017964784802493 
-14.779263340079304 -10.790104177789647 
-16.885230188209032 -3.9671539802492033 
-17.00135429871581 -3.925239822592765 
-18.30791778460461 -1.8470821252683585 
-16.360752664452882 -5.993127471747796 
-17.009195175107443 -3.8034552151221717 
-16.70666731917383 -4.716303653323292 
-16.449552757324774 -5.7466734051203305 
-16.26708536370354 -6.649153801150366 
-16.262761502822514 -6.816415550023729 
-16.810078574989802 -4.356445283808689 
-18.954424598394073 0.137202421441883 
-16.518037705973136 -5.621656934838356 
-16.432807282035327 -5.984399204245588 
-16.52915480431585 -5.4249005866713516 
-16.604278409954695 -5.0201401069859735 
-16.017161927562658 -7.48288983705039 
-15.508519772951097 -7.869040823913364 
-16.332620403169173 -6.42026692956934 
-15.285776294449825 -8.792802269344097 
-15.210146805621289 -9.201701181111538 
-16.58502642727775 -5.320778904268062 
-16.101879486393415 -7.317429854749043 
-15.440797407514879 -8.386785926199355 
-15.02793172175044 -9.971020760819119 
-14.919860924221371 -10.294895139748508 
-16.30102875225905 -6.637426694986213 
-15.878326531524802 -7.643738446157865 
-18.35765519505675 -1.6287337958299566 
-18.375262983785085 -0.7056096474590661 
-18.16408529247124 -2.7924915677011413 
-15.605802043871055 -7.793904700437382 
-18.07173773776714 -3.5423638512671243 
-15.19512201859266 -9.287056014146186 
-14.607150088326714 -11.157810072805981 
-15.132041111108615 -9.502276050059526 
-16.02532972015345 -7.454687798720791 
-16.340154548192572 -6.339261541531611 
-16.65168740795987 -4.786838065355792 
-18.886431726338827 -0.1563006598841308 
-15.142008197484945 -9.459261134987026 
-15.016105456741208 -10.05470989496645 
-16.18951424486559 -6.860781391562273 
-18.79219551883382 -0.359665380779588 
-18.918343686375056 -0.09710560266856841 
-17.856529230525265 -3.734866412472601 
-18.36880103619221 -1.359456439623877 
-18.71463404704703 -0.5988407996936884 
-14.983385952480106 -10.104436314592128 
-16.432832059782516 -5.7816457947304105 
-14.300379752191073 -11.403201384024113 
-14.822170640027046 -10.396411516661553 
