-15.627655320437976 -7.793148106239942 
-15.627655320440008 -7.793148106239983 
-15.627655320440248 -7.793148106256123 
-15.62765532043387 -7.7931481062056 
-15.627655320437398 -7.793148106235723 
-15.627655320442646 -7.793148106285888 
-15.62765532043387 -7.7931481062056 
-15.62765532043909 -7.793148106246732 
-15.627655320445001 -7.793148106286571 
-15.627655320437976 -7.793148106239942 
-15.627655320438347 -7.7931481062422066 
-15.627655320439626 -7.793148106262466 
-15.627655320436787 -7.793148106283631 
-15.627655320438347 -7.7931481062422066 
-15.62765532043909 -7.793148106246732 
-15.627655320437398 -7.793148106235723 
-15.627655320440248 -7.793148106256123 
-15.627655320442646 -7.793148106285888 
-15.627655320443889 -7.793148106273199 
-15.627655320445001 -7.793148106286571 
-15.627585394050797 -7.793327618202843 
-15.627574802572692 -7.793368499892598 
-15.627621398664537 -7.79318641804991 
-15.62760870097027 -7.793244208652936 
-15.62768316623486 -7.793096674348012 
-15.627568821329755 -7.7933443529508395 
-15.627545430068249 -7.793448812226726 
-15.627585365759506 -7.793217385326546 
-15.627697724734881 -7.793052989872316 
-15.627536791674885 -7.7933304974099356 
-15.62757403391592 -7.793046334420161 
-15.627620782055383 -7.793191748891744 
-15.627607836396312 -7.793295128341362 
-15.62762161265415 -7.79318444741743 
-15.627508331809718 -7.793515489286622 
-15.627632722501119 -7.79322853032679 
-15.627668415087697 -7.79311073543062 
-15.627522849639785 -7.793349883145665 
-15.627636443336012 -7.7931669138514446 
-15.62752190024771 -7.793394486285366 
-15.627570990281512 -7.793373658185775 
-15.627629881917805 -7.793205460360346 
-15.627630733990124 -7.79313483961355 
-15.627644680359582 -7.793056003628535 
-15.62757613986616 -7.793279929375203 
-15.627552499542746 -7.793365520180348 
-15.627593536355029 -7.793259968022924 
-15.627605846088276 -7.79327483310959 
-15.627625296313838 -7.793207547767633 
-15.627656994831897 -7.793106330447643 
-15.627516110771627 -7.793405511370669 
-15.627512150517722 -7.79326171910188 
-15.627558701535712 -7.793404622576069 
-15.627518456551796 -7.7933480514608915 
-15.627638118945857 -7.793200841896397 
-15.627621398664537 -7.79318641804991 
-15.627632722501119 -7.79322853032679 
-15.627613608322006 -7.7932564870838785 
-15.627666100806362 -7.7931255466927905 
-15.627710848218518 -7.793016246250158 
-15.6276381759272 -7.7931747334299555 
-15.627630733990124 -7.79313483961355 
-15.627604779070179 -7.793154740532964 
-15.62768896422465 -7.793082857336872 
-15.627629881917805 -7.793205460360346 
-15.62755174594313 -7.793263257383083 
-15.627593536355029 -7.793259968022924 
-15.627647392806354 -7.793197082748804 
-15.627633573510366 -7.793010751265227 
-15.627592238514161 -7.793133977537894 
-15.627586427882136 -7.7933244564139725 
-15.627640566796025 -7.793095920440601 
-15.627508331809718 -7.793515489286622 
-15.627549048792105 -7.793164086770243 
-15.627688115374653 -7.793051777067019 
-15.627549048792105 -7.793164086770243 
-15.627546692907984 -7.793452272896543 
-15.627563717923026 -7.793363304937896 
-15.627644549826485 -7.793165155621162 
-15.627663216088258 -7.793093347751395 
-15.627660546996726 -7.793098687720185 
-15.62752190024771 -7.793394486285366 
-15.627498733915541 -7.793405278656258 
-15.627566842163985 -7.793392985707653 
-15.627676159087894 -7.793103964175664 
-15.627593732122605 -7.793166930520702 
-15.6275911237693 -7.793208762310894 
-15.627536791674885 -7.7933304974099356 
-15.627541226301368 -7.7934166011529005 
-15.6276211701537 -7.79317808817417 
-15.62754272388407 -7.793324064260474 
-15.627625296313838 -7.793207547767633 
-15.627673673892124 -7.793073030771083 
-15.627549547963156 -7.793371627186932 
-15.627636443336012 -7.7931669138514446 
-15.627581230699482 -7.793193875778303 
-15.627494138082564 -7.793324108733532 
-15.627563972351645 -7.793374735940873 
-15.627623173579945 -7.79317484861802 
-15.627694371365596 -7.792954986394688 
-15.627648939149159 -7.793135177526903 
-15.627558701535712 -7.793404622576069 
-15.627655527159817 -7.793154624603902 
-15.627613608322006 -7.7932564870838785 
-15.627638118945857 -7.793200841896397 
-15.627518456551796 -7.7933480514608915 
-15.627640330561123 -7.793178683220596 
-15.627655106540768 -7.793128732488137 
-15.62768896422465 -7.793082857336872 
-15.62762161265415 -7.79318444741743 
-15.627522849639785 -7.793349883145665 
-15.627546009945428 -7.793325452495128 
-15.627580022596492 -7.793300682932436 
-15.627633573510366 -7.793010751265227 
-15.627655666843573 -7.793145968704931 
-15.627597990840151 -7.792984766133826 
-15.627610502754973 -7.7932848066088125 
-15.627570033411727 -7.793048158419751 
-15.627589338264608 -7.7932378367726205 
-15.627623109530395 -7.793223021480788 
-15.627679988765887 -7.793102382460415 
-15.627654672781388 -7.7931525607975765 
-15.627595247320818 -7.793200168570343 
-15.627670735700509 -7.79309689827033 
-15.627681373682357 -7.7930560225569545 
-15.627552797344682 -7.7933070409822935 
-15.627581230699482 -7.793193875778303 
-15.627591181104219 -7.793157591948839 
-15.62765785631938 -7.793057890921956 
-15.627607836396312 -7.793295128341362 
-15.627616714665816 -7.793102950960445 
-15.627541226301368 -7.7934166011529005 
-15.627564396221256 -7.793049761440604 
-15.627646634785673 -7.793066867965376 
-15.627606335872477 -7.793302940266477 
-15.627620016974163 -7.793198521904168 
-15.627564993980041 -7.793383111697889 
-15.627620604426426 -7.79324487229679 
-15.627664109746409 -7.793000496281204 
-15.62759533300019 -7.793144118959381 
-15.627549547963156 -7.793371627186932 
-15.627619275387278 -7.793101691529185 
-15.627584779491055 -7.7933633164498515 
-15.627630359123492 -7.7932316939357955 
-15.627630359123492 -7.7932316939357955 
-15.627637080697893 -7.793207197979335 
-15.627659271226555 -7.793066865021364 
-15.627620604426426 -7.79324487229679 
-15.627589338264608 -7.7932378367726205 
-15.627660546996726 -7.793098687720185 
-15.627515767037352 -7.79347467358967 
-15.6275911237693 -7.793208762310894 
-15.627576533727195 -7.793115323563102 
-15.627602836872196 -7.793113086103556 
-15.627683126890664 -7.793072360038197 
-15.627623825400393 -7.7932408191431515 
-15.62765477141747 -7.7931137157251476 
-15.627623825400393 -7.7932408191431515 
-15.62765477141747 -7.7931137157251476 
-15.627668762759317 -7.792979817016372 
-15.627668106752111 -7.793062714922474 
-15.627581508195158 -7.793368775091432 
-15.627565569641387 -7.793353998462037 
-15.627637080697893 -7.793207197979335 
-15.627609962790523 -7.793042921731329 
-15.627580119576425 -7.793288168068777 
-15.627652905631079 -7.793152581260076 
-15.627656994831897 -7.793106330447643 
-15.627592238514161 -7.793133977537894 
-15.627570990281512 -7.793373658185775 
-15.627644680359582 -7.793056003628535 
-15.6275942137124 -7.7932708032801905 
-15.627640455466146 -7.793017894124918 
-15.627645163873977 -7.793186072912675 
-15.62764627578538 -7.793023318005497 
-15.627598048476614 -7.7932681071889816 
-15.627555108749482 -7.793279702381421 
-15.627545430068249 -7.793448812226726 
-15.627640566796025 -7.793095920440601 
-15.627554606848648 -7.793245419243421 
-15.627655320436427 -7.793148106212091 
-15.627623109530395 -7.793223021480788 
-15.6275942137124 -7.7932708032801905 
-15.627655320436427 -7.793148106212091 
-15.627610502754973 -7.7932848066088125 
-15.627588716127482 -7.793128343128286 
-15.627654672781388 -7.7931525607975765 
-15.627605386221935 -7.793253557431514 
-15.627636903427893 -7.79313994804328 
-15.627716215936603 -7.793003663108662 
-15.62756867796913 -7.793371159796246 
-15.627647392806354 -7.793197082748804 
-15.627543675830367 -7.793363718272618 
-15.627641028960198 -7.793082348371187 
-15.62765164631315 -7.793100539271322 
-15.627648385197528 -7.793184369460901 
-15.627553180148357 -7.7932640238512025 
-15.627661077692657 -7.793011731998977 
-15.627649526362502 -7.793122035763542 
-15.627648385197528 -7.793184369460901 
-15.627590917120207 -7.793316342774887 
-15.627623173579945 -7.79317484861802 
-15.627636903427893 -7.79313994804328 
-15.627589218594093 -7.793273187972676 
-15.627511821762646 -7.793357587081584 
-15.627584151085886 -7.793345769994607 
-15.627515767037352 -7.79347467358967 
-15.627620281481619 -7.7932425043494735 
-15.627605386221935 -7.793253557431514 
-15.627620782055383 -7.793191748891744 
-15.627648939149159 -7.793135177526903 
-15.627593455946869 -7.7932720800780295 
-15.627532658477634 -7.793060045576163 
-15.62762472022817 -7.793247950874882 
-15.627620016974163 -7.793198521904168 
-15.627652905631079 -7.793152581260076 
-15.627519964893231 -7.793496326421431 
-15.627574059627966 -7.79334966754555 
-15.627683126890664 -7.793072360038197 
-15.627649945142998 -7.793107778509876 
-15.627675651836375 -7.7931152592681965 
-15.627668415087697 -7.79311073543062 
-15.627645163873977 -7.793186072912675 
-15.627644549826485 -7.793165155621162 
-15.627605575666898 -7.793288184910401 
-15.627556011478926 -7.792991020215332 
-15.627585365759506 -7.793217385326546 
-15.627588716127482 -7.793128343128286 
-15.627554606848648 -7.793245419243421 
-15.627673673892124 -7.793073030771083 
-15.627637659578333 -7.793078547616878 
-15.627642480203319 -7.793155283980305 
-15.627523137421536 -7.793396143459918 
-15.627604779070179 -7.793154740532964 
-15.627620281481619 -7.7932425043494735 
-15.627655106540768 -7.793128732488137 
-15.627593455946869 -7.7932720800780295 
-15.627661266072707 -7.793155857281623 
-15.627564396221256 -7.793049761440604 
-15.627578500524226 -7.793058974283476 
-15.627666100806362 -7.7931255466927905 
-15.627584151085886 -7.793345769994607 
-15.627670735700509 -7.79309689827033 
-15.627641214774744 -7.793112662665616 
-15.627520934881979 -7.7931414370432925 
-15.627681373682357 -7.7930560225569545 
-15.627659271226555 -7.793066865021364 
-15.627628371852849 -7.7932111125349675 
-15.627682969808236 -7.793076038239429 
-15.62758086615137 -7.793042111487808 
-15.627668699336105 -7.793062966192709 
-15.627660055456431 -7.792984518302859 
-15.627668865732883 -7.793025467075689 
-15.627675651836375 -7.7931152592681965 
-15.627593732122605 -7.793166930520702 
-15.627595810857898 -7.793218706580922 
-15.627595247320818 -7.793200168570343 
-15.627566842163985 -7.793392985707653 
-15.627589218594093 -7.793273187972676 
-15.627605575666898 -7.793288184910401 
-15.627642480203319 -7.793155283980305 
-15.627655527159817 -7.793154624603902 
-15.627649945142998 -7.793107778509876 
-15.627710848218518 -7.793016246250158 
-15.627622057596906 -7.793053424731727 
-15.627534850181586 -7.793054246860153 
-15.62751670968138 -7.793153788665177 
-15.62763004773149 -7.7931827598376096 
-15.627619275387278 -7.793101691529185 
-15.627665714909643 -7.793041030692561 
-15.627582654440317 -7.793290525663517 
-15.627595810857898 -7.793218706580922 
-15.627661266072707 -7.793155857281623 
-15.627586427882136 -7.7933244564139725 
-15.627575256157531 -7.793246421883659 
-15.627580119576425 -7.793288168068777 
-15.62759123703579 -7.793240071915342 
-15.62762472022817 -7.793247950874882 
-15.627685219191045 -7.792997082154664 
-15.62759123703579 -7.793240071915342 
-15.6276211701537 -7.79317808817417 
-15.627676159087894 -7.793103964175664 
-15.627525071453293 -7.793435366477945 
-15.627575910630252 -7.793372661948215 
-15.627576533727195 -7.793115323563102 
-15.627649526362502 -7.793122035763542 
-15.627581508195158 -7.793368775091432 
-15.62757403391592 -7.793046334420161 
-15.627716215936603 -7.793003663108662 
-15.627594930163859 -7.793078398493842 
-15.62763004773149 -7.7931827598376096 
-15.627556011478926 -7.792991020215332 
-15.627682969808236 -7.793076038239429 
-15.627688115374653 -7.793051777067019 
-15.627618649517077 -7.793178475223995 
-15.6276381759272 -7.7931747334299555 
-15.627581466134515 -7.793318429148205 
-15.627494138082564 -7.793324108733532 
-15.627641214774744 -7.793112662665616 
-15.627664109746409 -7.793000496281204 
