-0.6815584888513674 0.033989847495044606 -1.0384958553708434 
-0.9487191047210989 -0.11070563654264415 -0.8833582449224331 
-1.0212780514241668 -0.013498350764869946 -0.8417873491479659 
-0.8775921960694768 -0.08231256796520844 -1.0733430969690154 
0.023700982047884955 -0.028098488204522345 -0.9493387404230742 
-0.01060253768560776 0.05458845115025879 -0.017717810452781535 
-0.9825674434493545 0.018392052150234706 -0.7687580983163426 
-0.07322579469162549 0.04382228293254428 -0.8769442597294114 
-1.1585479388249313 -1.0436869593402152 -1.0297494650234964 
-0.5499588990498091 -0.0692796037727911 -1.1546846963325295 
-0.5210833748342822 -0.010104573887628913 -1.1211562454228317 
0.06490762896471558 -0.012343606612999825 -0.8484037986698139 
-0.8945291811809393 0.10372970630936074 -1.105286094216065 
-0.5176284784329732 -0.06890966306559423 -1.1130254117154896 
-0.7257083696118756 0.032407546670752685 -1.078540440226931 
-0.9218285653954238 0.11637095589489624 -1.0190377038975116 
-0.9873855665755114 -0.07802719778267958 -1.072951898930637 
-1.0646265491620297 0.017532169008179666 -1.0038044168439855 
-0.9748519832045064 0.0063141635964892515 -0.7648429340902093 
-0.05014611460449486 -0.02986674617096754 -0.4868848863213072 
-0.8995102655130731 0.042017948414317025 -1.0120621515284043 
-0.9054855472596374 -0.032116335781841254 -1.0591627081693236 
-1.04897933116589 -0.07980184941061336 -0.8522478070321405 
-0.7843929057763204 0.08310293021866709 -1.072848071477174 
-1.1196670609711057 0.068710747126845 -1.0968175875315918 
-1.0632196704792807 -0.777910665373982 -0.9481443045294979 
-0.9866172440266694 0.07430305375589563 -1.0337112221088742 
-1.1433504452934673 -0.8046709731651448 -1.00897389157779 
-1.1228012056148962 -0.790599081617509 -1.1120969593199825 
-0.9612425870673188 0.04145412829900162 -0.909373932173857 
-1.0892368561256198 0.05380660698612899 -1.0760619176391193 
-1.0575847737188244 -0.7230540235049352 -1.0876905049074608 
-1.1417240124334838 -0.8996600849699348 -1.078853731314651 
-1.1685410561718879 -0.9364713925716752 -1.0848164148398665 
-1.076416646602458 0.005546550591391825 -0.9691688099789902 
-1.1585702630854844 -0.06035803937348974 -1.1460501244167858 
-0.8229117284673607 -0.04988765695420516 -0.035977455016454996 
-0.7156641069946041 -0.08748736104351706 0.11308112682602522 
-0.015261921669138756 -0.04080430474008856 -0.9604858627702226 
-1.1346790729262133 -0.511466395653469 -1.1255093375414424 
-0.009231840180455197 0.005897681055386461 -1.0575263576579066 
-1.1189104392999896 -0.8048679073861751 -1.1077273956859082 
-1.0754452129141692 -1.0822548618700396 -1.2012799581820954 
-1.1414284573783025 -0.8699509866272185 -1.038000779965583 
-1.1394587390335777 0.04557338545888383 -1.074491850505765 
-1.0193943978084703 -0.09944269328643679 -0.991899081212309 
-0.7582979265765419 -0.10221491680568709 -1.0668651324470488 
-0.5553705125994434 -0.0027205594755392304 0.03111902619322504 
-1.1353912599840439 -0.8783768638503359 -1.0218418860501743 
-1.1071262422882793 -0.9596046298189073 -1.021006414488226 
-1.0485126192983238 -0.13808163421532738 -1.0470538781121537 
0.026559967565925047 -0.014473772902493187 -0.6092493755805608 
-0.5412899818815577 0.024691540408527224 -0.011827416575213578 
-0.0353048622672672 0.03500065899961841 -1.143094475597323 
-0.060019205570134376 0.05462978018692356 -0.793212216703381 
0.0021692315236235826 0.029482996471734857 -0.653533263450743 
-0.9980326632560785 -0.9843253230132203 -1.1138916283944431 
-0.9113639720600855 0.1218423006915712 -1.03871392029324 
-1.185538077446561 -1.1717479604931849 -1.2144984885276038 
-1.0285677674623344 -1.0002191101642932 -1.199993813600148 
