-1.0980566785944332 -0.5630514837972155 -1.0968226322090324 
-1.0980566788391664 -0.5630514824223256 -1.0968226333736437 
-1.0980566794624285 -0.5630514787411653 -1.0968226365275353 
-1.0980566768380442 -0.5630514940457547 -1.0968226234521048 
-1.0980566783706203 -0.5630514851023238 -1.0968226310940574 
-1.0980566808458998 -0.5630514706380849 -1.0968226434571033 
-1.0980566768380442 -0.5630514940457547 -1.0968226234521048 
-1.0980566789781947 -0.5630514815665961 -1.0968226341133618 
-1.098056681152538 -0.56305146890745 -1.0968226449246146 
-1.0980566785944332 -0.5630514837972155 -1.0968226322090324 
-1.0980566787223538 -0.5630514830536757 -1.0968226328438089 
-1.098056679621939 -0.5630514777745358 -1.0968226373603538 
-1.0980566800619256 -0.5630514750660023 -1.0968226397016994 
-1.0980566787223538 -0.5630514830536757 -1.0968226328438089 
-1.0980566789781947 -0.5630514815665961 -1.0968226341133618 
-1.0980566783706203 -0.5630514851023238 -1.0968226310940574 
-1.0980566794624285 -0.5630514787411653 -1.0968226365275353 
-1.0980566808458998 -0.5630514706380849 -1.0968226434571033 
-1.0980566805268785 -0.5630514725713439 -1.0968226417914664 
-1.098056681152538 -0.56305146890745 -1.0968226449246146 
-1.0979700649452475 -0.5621801092122514 -1.097852780487806 
-1.097653603100691 -0.5639434196778482 -1.0963674914253387 
-1.0988181254388263 -0.5615949697362497 -1.0975776811690245 
-1.097906253639052 -0.5617238555991882 -1.0983668449429627 
-1.0972491403623779 -0.5631639596175826 -1.0974947190924265 
-1.097382281999416 -0.5650920086842866 -1.0954606727329566 
-1.09618142244219 -0.5644363258537576 -1.0973537516151688 
-1.0992301173795052 -0.5604230863224626 -1.0983885502941364 
-1.0966357721586701 -0.5648756739247456 -1.0963373511818624 
-1.0985474396880723 -0.5602409898140772 -1.0992918274333308 
-1.1003611344737565 -0.5619746055432058 -1.0956802224870394 
-1.0983285737313766 -0.5636378612264814 -1.095973482546373 
-1.0975681394961996 -0.5634281548422562 -1.0969586586515319 
-1.0986882796311832 -0.5612854791050004 -1.098023799959209 
-1.0968931131552488 -0.5627184333267176 -1.0984335140028163 
-1.097599200436962 -0.5632835988371068 -1.097058128609198 
-1.0981565491515772 -0.5625610561301331 -1.0972163082203963 
-1.0997000045174512 -0.5605550882016195 -1.0978288961773732 
-1.0973373431172817 -0.5620401617294548 -1.0985920972020458 
-1.095986424055233 -0.5630299048425016 -1.099010960414287 
-1.0974990498496198 -0.5625062512014649 -1.098000030311523 
-1.0982654896878268 -0.5623042552383424 -1.0973982148924417 
-1.0980287443453118 -0.5609696664362918 -1.0989994410688944 
-1.0992301296325906 -0.5602855245064833 -1.098486233471994 
-1.0970661283327778 -0.5659770323647337 -1.0948583696688972 
-1.0954762976157335 -0.5645624279434172 -1.0979239614942888 
-1.097399300500591 -0.5652760904201816 -1.095236067824482 
-1.098128770709151 -0.5623351688109727 -1.0975205469703004 
-1.0983469901759766 -0.5619332502917349 -1.0976999073014704 
-1.0968895677320056 -0.5624173916308529 -1.0986387259657695 
-1.0959047538745983 -0.5673955338987201 -1.0945956031407167 
-1.0969453628022905 -0.5606701397008231 -1.1004737953956851 
-1.0958705783741087 -0.5650411811391105 -1.0970320589898366 
-1.096711855727485 -0.5615988801747329 -1.0997539162212746 
-1.0974911229987074 -0.5625773692171316 -1.0978867993856767 
-1.0988181254388263 -0.5615949697362497 -1.0975776811690245 
-1.097599200436962 -0.5632835988371068 -1.097058128609198 
-1.0973025958562714 -0.5625341048572016 -1.0981372934062357 
-1.0960856792949598 -0.5645276379518412 -1.0972686540636256 
-1.096844917096858 -0.563326780964564 -1.0977118807260549 
-1.0981929032978799 -0.5633429811993902 -1.0963995255522185 
-1.0980287443453118 -0.5609696664362918 -1.0989994410688944 
-1.0948183897613557 -0.565011629252592 -1.0980815041029481 
-1.0966977401142912 -0.5638820015836643 -1.09730436436967 
-1.0982654896878268 -0.5623042552383424 -1.0973982148924417 
-1.0963322366067438 -0.567419697617612 -1.0941173898037753 
-1.097399300500591 -0.5652760904201816 -1.095236067824482 
-1.0968813009873433 -0.5642572204661416 -1.0967648161676609 
-1.0985838776704262 -0.5647236561718744 -1.0945919692227517 
-1.0974299438917066 -0.5606233786314521 -1.0999794169691317 
-1.0964843071331385 -0.5634571829822039 -1.0980280726924776 
-1.0991974427444064 -0.5609566032427833 -1.0978370171151688 
-1.0968931131552488 -0.5627184333267176 -1.0984335140028163 
-1.1005208977838725 -0.5601208960958739 -1.0974319784810804 
-1.0974159533274586 -0.5645911031596265 -1.0958571887922117 
-1.1005208977838725 -0.5601208960958739 -1.0974319784810804 
-1.097331714469785 -0.5629847465794752 -1.0976941976874661 
-1.0962180230285266 -0.5635469810300014 -1.0982184539365063 
-1.0978663348369122 -0.5620017969998367 -1.098096557955104 
-1.0974459022165148 -0.5649321221206941 -1.0954938845349507 
-1.0980107578113383 -0.5640481919738689 -1.0958408972361147 
-1.095986424055233 -0.5630299048425016 -1.099010960414287 
-1.0943250318385145 -0.5680650147027166 -1.0954936835065325 
-1.0967498758854293 -0.5634202160828379 -1.0978145606969463 
-1.0969098554024972 -0.5648420484863672 -1.0961134333066855 
-1.0997002238089113 -0.5610893780145481 -1.0972322548191598 
-1.0962449430460417 -0.5670552510194138 -1.0945537927915712 
-1.0985474396880723 -0.5602409898140772 -1.0992918274333308 
-1.0957109915134033 -0.5644188644598811 -1.0978451696051557 
-1.095646616640653 -0.5640748287930732 -1.0982059711830714 
-1.094703869986304 -0.5654250456178902 -1.0978144334153677 
-1.0983469901759766 -0.5619332502917349 -1.0976999073014704 
-1.0971471398962556 -0.562259261403204 -1.0985311669748001 
-1.096518043700162 -0.5627428467432821 -1.0987539057631488 
-1.0973373431172817 -0.5620401617294548 -1.0985920972020458 
-1.0964536635103326 -0.5619660117346924 -1.0995913500499723 
-1.0991158372845256 -0.5590366879535311 -1.0999803187082802 
-1.0967276369973997 -0.5629789464573106 -1.098291791886997 
-1.0988733524533023 -0.5622580642795951 -1.0968424805946881 
-1.0992318161476025 -0.5611249693033471 -1.0975919957670015 
-1.0979512659374493 -0.561632789528679 -1.098386068263641 
-1.0958705783741087 -0.5650411811391105 -1.0970320589898366 
-1.0977763053137308 -0.5635983143323624 -1.0965413994651974 
-1.0973025958562714 -0.5625341048572016 -1.0981372934062357 
-1.0974911229987074 -0.5625773692171316 -1.0978867993856767 
-1.096711855727485 -0.5615988801747329 -1.0997539162212746 
-1.0965680417957522 -0.563246061243682 -1.0981223448167003 
-1.0983790708337362 -0.5627680366245529 -1.0967911488329847 
-1.0966977401142912 -0.5638820015836643 -1.09730436436967 
-1.0986882796311832 -0.5612854791050004 -1.098023799959209 
-1.0997000045174512 -0.5605550882016195 -1.0978288961773732 
-1.098421244645652 -0.5643431266966494 -1.0952094003722157 
-1.096215889777662 -0.5664400293184311 -1.0952273755091544 
-1.0985838776704262 -0.5647236561718744 -1.0945919692227517 
-1.0980291510454387 -0.5632149744779793 -1.0966821181161257 
-1.1005246586797914 -0.5585684892392961 -1.0989727950792614 
-1.0976657471832496 -0.5633688162143502 -1.0969200674078832 
-1.0983457026559358 -0.5660097924388718 -1.0935492905732263 
-1.094810816445035 -0.5659257108526453 -1.0971571781794287 
-1.095902933729897 -0.5658821178373407 -1.096085777550996 
-1.0972247835660252 -0.564212790059291 -1.0964435879157792 
-1.0978610129567752 -0.5623621839313193 -1.097725524481384 
-1.098755625217159 -0.5635831031166855 -1.0956210451029529 
-1.0977393039979049 -0.5620490900261907 -1.0981563480490701 
-1.098028051754602 -0.5637807537881565 -1.0960835782304692 
-1.0990501299178561 -0.5604028130382929 -1.0986126125965163 
-1.0964536635103326 -0.5619660117346924 -1.0995913500499723 
-1.0993815462994148 -0.5598038522487929 -1.0988641597376776 
-1.0990430764073984 -0.5623680390219581 -1.096535155606012 
-1.0975681394961996 -0.5634281548422562 -1.0969586586515319 
-1.0946371275906328 -0.5651894227185152 -1.098070895308894 
-1.0957109915134033 -0.5644188644598811 -1.0978451696051557 
-1.1003854935818194 -0.5582055799639779 -1.0995045670084127 
-1.096512945627134 -0.5667256627172523 -1.0945869050720138 
-1.0969861775424383 -0.5635503393953942 -1.0974162035609798 
-1.098283846103236 -0.5613547176679046 -1.09835861078675 
-1.0981410182151894 -0.5623991305430827 -1.097472140432353 
-1.097543358026553 -0.562505423038804 -1.0979208979833952 
-1.0994867869634672 -0.5605585721009791 -1.0979370858781639 
-1.0994561291670397 -0.5597995535126437 -1.09879097379104 
-1.096518043700162 -0.5627428467432821 -1.0987539057631488 
-1.0991389712275668 -0.5631279516443572 -1.095687761011047 
-1.0968248614162288 -0.5643582408517205 -1.0967623635680963 
-1.0976707383759488 -0.5629912415760262 -1.0972883395810689 
-1.0976707383759488 -0.5629912415760262 -1.0972883395810689 
-1.0977686748809738 -0.5634820780813761 -1.0966817032667333 
-1.0985382104713084 -0.5635114132948541 -1.0958660552367854 
-1.097543358026553 -0.562505423038804 -1.0979208979833952 
-1.094810816445035 -0.5659257108526453 -1.0971571781794287 
-1.0980107578113383 -0.5640481919738689 -1.0958408972361147 
-1.0957716135249742 -0.5666696401596073 -1.0954804875521083 
-1.0962449430460417 -0.5670552510194138 -1.0945537927915712 
-1.0940587551896022 -0.565551229164291 -1.0983049907035696 
-1.0957281401297492 -0.5628134439377621 -1.0994330686212326 
-1.0981100760433735 -0.5629263962849277 -1.0968775742664458 
-1.0978598095613692 -0.5626785968185104 -1.0974246185439207 
-1.0986567833238077 -0.562093690336195 -1.0972046747967545 
-1.0978598095613692 -0.5626785968185104 -1.0974246185439207 
-1.0986567833238077 -0.562093690336195 -1.0972046747967545 
-1.0987920494340329 -0.563747971435216 -1.0953623209622312 
-1.09755610720743 -0.5615758119897181 -1.0988257233577219 
-1.0974230334904655 -0.5635215196653028 -1.0970268117224742 
-1.0978092149131204 -0.561736435402477 -1.0984820139253348 
-1.0977686748809738 -0.5634820780813761 -1.0966817032667333 
-1.1002137029686643 -0.5609700025578843 -1.0968290365111721 
-1.0977896830944918 -0.5613814715321878 -1.0988540937834985 
-1.096640506424598 -0.5632621172244925 -1.0980243541166907 
-1.0968895677320056 -0.5624173916308529 -1.0986387259657695 
-1.0974299438917066 -0.5606233786314521 -1.0999794169691317 
-1.0974990498496198 -0.5625062512014649 -1.098000030311523 
-1.0992301296325906 -0.5602855245064833 -1.098486233471994 
-1.0977991020889601 -0.5645277362818271 -1.0956068555023837 
-1.0995726785140318 -0.5623389708642001 -1.09604782734322 
-1.0964763780273488 -0.565206132545561 -1.0961939751266703 
-1.097722629888025 -0.5656827366244361 -1.0944552045127103 
-1.0981134992339188 -0.5615954723949248 -1.0982985792552857 
-1.0952173063101358 -0.5640834272468688 -1.0986739550237026 
-1.09618142244219 -0.5644363258537576 -1.0973537516151688 
-1.0991974427444064 -0.5609566032427833 -1.0978370171151688 
-1.0948642744176378 -0.5644364322357072 -1.098664143211312 
-1.0980566773839255 -0.563051490908678 -1.0968226261234135 
-1.095902933729897 -0.5658821178373407 -1.096085777550996 
-1.0977991020889601 -0.5645277362818271 -1.0956068555023837 
-1.0980566773839255 -0.563051490908678 -1.0968226261234135 
-1.0976657471832496 -0.5633688162143502 -1.0969200674078832 
-1.0939033353839394 -0.5668760211566951 -1.0970826343689097 
-1.0978610129567752 -0.5623621839313193 -1.097725524481384 
-1.097804619773063 -0.5617836608556739 -1.0984096731034905 
-1.0969929981928321 -0.5657923044036551 -1.095078502207055 
-1.0973565301660173 -0.5640606108605657 -1.096442309472434 
-1.0972621588356914 -0.5625251121918857 -1.0982192521957015 
-1.0968813009873433 -0.5642572204661416 -1.0967648161676609 
-1.0990225804785465 -0.5610462043735374 -1.0979899811801768 
-1.094961096928795 -0.5649836722644693 -1.0979415206989156 
-1.0985910242534325 -0.5611020821991208 -1.0982868773369976 
-1.0963437135035758 -0.5643958074155221 -1.097159073950629 
-1.0991502979506045 -0.5633050071905351 -1.0955422265209476 
-1.0994519235640177 -0.5605714709856477 -1.097960965721082 
-1.095542180652222 -0.5646152519126713 -1.0977338608976743 
-1.0963437135035758 -0.5643958074155221 -1.097159073950629 
-1.0959859990465244 -0.5645007634436257 -1.0974501075219072 
-1.0988733524533023 -0.5622580642795951 -1.0968424805946881 
-1.0969929981928321 -0.5657923044036551 -1.095078502207055 
-1.0973912875898377 -0.5617971045552542 -1.098820866012744 
-1.094135091713585 -0.5664401552100446 -1.0973571365220833 
-1.0971008310763304 -0.5647610893119998 -1.0960720818976246 
-1.0957716135249742 -0.5666696401596073 -1.0954804875521083 
-1.0977045999477542 -0.562363431015995 -1.0979053858886418 
-1.097804619773063 -0.5617836608556739 -1.0984096731034905 
-1.0983285737313766 -0.5636378612264814 -1.095973482546373 
-1.0979512659374493 -0.561632789528679 -1.098386068263641 
-1.0977524986574088 -0.5616350755535193 -1.0986223726834454 
-1.0976930277739214 -0.5673885134986727 -1.0928025910994856 
-1.096362254656713 -0.5649148549225571 -1.0966230477616241 
-1.098283846103236 -0.5613547176679046 -1.09835861078675 
-1.096640506424598 -0.5632621172244925 -1.0980243541166907 
-1.0982813895228483 -0.5627086665542372 -1.0970468887664904 
-1.0957088956845866 -0.5649275063887327 -1.0972998290662743 
-1.0981100760433735 -0.5629263962849277 -1.0968775742664458 
-1.0962955786648791 -0.566407199024823 -1.095131260295265 
-1.0973093035121253 -0.5640283343440622 -1.0965519178873997 
-1.0981565491515772 -0.5625610561301331 -1.0972163082203963 
-1.0964763780273488 -0.565206132545561 -1.0961939751266703 
-1.0978663348369122 -0.5620017969998367 -1.098096557955104 
-1.0966503923136701 -0.5634878025871579 -1.097816768503132 
-1.0974652089800494 -0.5676873204447035 -1.0927038864735379 
-1.0992301173795052 -0.5604230863224626 -1.0983885502941364 
-1.0939033353839394 -0.5668760211566951 -1.0970826343689097 
-1.0948642744176378 -0.5644364322357072 -1.098664143211312 
-1.0971471398962556 -0.562259261403204 -1.0985311669748001 
-1.0945617067571816 -0.566032554078219 -1.0972611271375476 
-1.0962497058794174 -0.5634551800754851 -1.09822440611132 
-1.0955705474638016 -0.5674800193832187 -1.0948372061990188 
-1.0948183897613557 -0.565011629252592 -1.0980815041029481 
-1.0977045999477542 -0.562363431015995 -1.0979053858886418 
-1.0983790708337362 -0.5627680366245529 -1.0967911488329847 
-1.0977524986574088 -0.5616350755535193 -1.0986223726834454 
-1.0974482880331151 -0.5635801956381319 -1.0968839064257774 
-1.1003854935818194 -0.5582055799639779 -1.0995045670084127 
-1.1000092797833765 -0.5585154917696982 -1.0995559985168266 
-1.0960856792949598 -0.5645276379518412 -1.0972686540636256 
-1.0971008310763304 -0.5647610893119998 -1.0960720818976246 
-1.0977393039979049 -0.5620490900261907 -1.0981563480490701 
-1.09839706513756 -0.560867608725518 -1.0987278144106913 
-1.0991130332179582 -0.5582702427555679 -1.1007425759634901 
-1.098028051754602 -0.5637807537881565 -1.0960835782304692 
-1.0985382104713084 -0.5635114132948541 -1.0958660552367854 
-1.098236276445132 -0.562770831558351 -1.096950304601943 
-1.0980236912079313 -0.5623977731215366 -1.0975060368976195 
-1.0957212919097437 -0.5688322320245488 -1.0932413890542199 
-1.0985260195927933 -0.5631663495334842 -1.0962257762429664 
-1.099732639047966 -0.5612385001029705 -1.0969998099190978 
-1.0973469537969947 -0.5613977129116673 -1.099216437080225 
-1.0973093035121253 -0.5640283343440622 -1.0965519178873997 
-1.0997002238089113 -0.5610893780145481 -1.0972322548191598 
-1.0971898030100389 -0.5658992299242697 -1.0948008763718866 
-1.098755625217159 -0.5635831031166855 -1.0956210451029529 
-1.0967498758854293 -0.5634202160828379 -1.0978145606969463 
-1.0973912875898377 -0.5617971045552542 -1.098820866012744 
-1.0966503923136701 -0.5634878025871579 -1.097816768503132 
-1.0962497058794174 -0.5634551800754851 -1.09822440611132 
-1.0977763053137308 -0.5635983143323624 -1.0965413994651974 
-1.0962955786648791 -0.566407199024823 -1.095131260295265 
-1.096844917096858 -0.563326780964564 -1.0977118807260549 
-1.0998058903206478 -0.5618028811731155 -1.0963767222167489 
-1.0999994453671535 -0.5636724199087777 -1.0943288390221695 
-1.0992303677174713 -0.558220260744513 -1.1006790085744314 
-1.0979222204737331 -0.5641851984005899 -1.0958104605664714 
-1.0991389712275668 -0.5631279516443572 -1.095687761011047 
-1.0981910882151977 -0.564302563392465 -1.0953951632562284 
-1.0968590720961593 -0.5623589408272354 -1.098782556117349 
-1.0971898030100389 -0.5658992299242697 -1.0948008763718866 
-1.0974482880331151 -0.5635801956381319 -1.0968839064257774 
-1.0964843071331385 -0.5634571829822039 -1.0980280726924776 
-1.094550497619303 -0.5672645776102145 -1.096042900229338 
-1.0977896830944918 -0.5613814715321878 -1.0988540937834985 
-1.0986373064053927 -0.5608149896681319 -1.0985772055646867 
-1.096362254656713 -0.5649148549225571 -1.0966230477616241 
-1.0955348452011 -0.5641053738602323 -1.0982402379530698 
-1.0986373064053927 -0.5608149896681319 -1.0985772055646867 
-1.095646616640653 -0.5640748287930732 -1.0982059711830714 
-1.0969098554024972 -0.5648420484863672 -1.0961134333066855 
-1.0970071700062265 -0.5621480273807891 -1.0988918845349085 
-1.0969059953033824 -0.5648737073009218 -1.096156835805395 
-1.0940587551896022 -0.565551229164291 -1.0983049907035696 
-1.095542180652222 -0.5646152519126713 -1.0977338608976743 
-1.0974230334904655 -0.5635215196653028 -1.0970268117224742 
-1.1003611344737565 -0.5619746055432058 -1.0956802224870394 
-1.0973565301660173 -0.5640606108605657 -1.096442309472434 
-1.0976367288694973 -0.5664061908269649 -1.093830732875978 
-1.0979222204737331 -0.5641851984005899 -1.0958104605664714 
-1.0974652089800494 -0.5676873204447035 -1.0927038864735379 
-1.0980236912079313 -0.5623977731215366 -1.0975060368976195 
-1.0974159533274586 -0.5645911031596265 -1.0958571887922117 
-1.0989970232647537 -0.5619413582989239 -1.0970463438718308 
-1.0981929032978799 -0.5633429811993902 -1.0963995255522185 
-1.0982907273381004 -0.561759320231537 -1.0979656633978843 
-1.0991158372845256 -0.5590366879535311 -1.0999803187082802 
-1.09839706513756 -0.560867608725518 -1.0987278144106913 
-1.0994867869634672 -0.5605585721009791 -1.0979370858781639 
