-0.96 45.946 18.765 
-0.987 60.175 17.848 
-0.978 83.163 16.141 
-0.972 53.082 18.869 
-0.991 64.97 17.274 
-0.983 62.369 17.457 
-0.985 56.892 17.972 
-0.968 50.196 18.892 
-0.996 50.22 20.572 
-0.986 44.635 20.036 
-0.98 67.197 16.896 
-0.985 80.424 16.394 
-0.972 54.977 18.545 
-0.984 77.303 16.992 
-0.975 60.762 17.425 
-0.964 41.119 19.623 
-0.971 52.253 18.957 
-0.99 55.49 18.021 
-0.979 64.553 17.438 
-0.977 51.478 18.996 
-0.974 66.383 17.052 
-0.981 70.367 16.865 
-0.962 47.842 19.142 
-0.979 80.546 16.165 
-0.959 40.74 19.567 
-0.987 43.075 20.051 
-0.962 51.269 18.137 
-0.981 74.915 16.512 
-0.961 46.542 19.156 
-0.974 43.483 19.924 
-0.995 66.586 19.701 
-0.98 65.142 17.241 
-0.963 55.759 17.516 
-0.979 72.333 16.681 
-0.963 47.763 19.226 
-0.978 69.622 16.766 
-0.959 39.799 19.749 
-0.982 69.113 16.877 
-0.966 49.34 19.065 
-0.962 53.707 17.601 
-0.97 51.273 18.861 
-0.959 41.732 19.355 
-0.967 45.109 19.276 
-0.994 64.983 19.725 
-0.97 53.66 17.672 
-0.982 53.921 19.402 
-0.98 72.726 16.679 
