2.02 0.015 7.034 
1.799 0.04 3.161 
1.798 0.041 2.923 
1.798 0.041 2.923 
1.798 0.041 2.923 
1.798 0.041 2.923 
1.532 0.071 1.662 
1.346 0.083 1.807 
1.532 0.071 1.662 
1.351 0.083 1.821 
1.342 0.084 1.827 
1.366 0.082 1.815 
1.382 0.08 1.808 
1.413 0.077 1.792 
1.432 0.076 1.783 
1.427 0.076 1.785 
1.426 0.076 1.786 
1.429 0.076 1.784 
1.437 0.075 1.762 
1.401 0.078 1.78 
1.37 0.081 1.795 
1.403 0.078 1.796 
1.318 0.086 1.821 
1.398 0.079 1.796 
1.414 0.077 1.788 
1.413 0.077 1.789 
1.411 0.078 1.79 
1.374 0.081 1.811 
1.785 0.042 2.704 
1.792 0.041 2.827 
1.792 0.041 2.827 
1.792 0.041 2.827 
1.792 0.041 2.827 
1.792 0.041 2.827 
1.792 0.041 2.827 
1.382 0.08 1.787 
1.345 0.083 1.807 
1.346 0.083 1.808 
1.362 0.082 1.796 
1.367 0.081 1.814 
