1.667 0.056 1.811 
1.954 0.02 5.731 
1.877 0.028 4.501 
1.749 0.042 2.817 
1.896 0.027 4.314 
1.844 0.032 3.646 
1.718 0.045 2.976 
1.874 0.029 4.144 
1.977 0.018 6.172 
1.989 0.017 6.521 
1.72 0.045 2.644 
1.745 0.043 3.191 
1.96 0.022 4.903 
2.004 0.015 6.895 
1.816 0.035 3.473 
1.674 0.05 2.476 
1.949 0.021 5.318 
1.995 0.016 7.107 
1.914 0.025 4.691 
1.905 0.028 3.802 
1.754 0.046 2.353 
1.864 0.03 3.955 
2.009 0.016 6.367 
1.722 0.049 2.111 
1.873 0.032 3.326 
2.001 0.016 6.72 
1.976 0.02 5.168 
2.0 0.017 6.007 
1.984 0.019 5.473 
1.851 0.034 3.024 
