-0.97 39.33 20.945 
-0.956 36.213 20.421 
-0.981 38.479 20.276 
-0.969 36.748 20.929 
-0.971 38.041 20.986 
-0.989 40.081 20.171 
-0.98 38.365 21.398 
-0.972 38.021 20.063 
-0.963 39.047 20.116 
-0.973 39.649 21.029 
-0.97 36.641 21.096 
-0.974 35.193 21.138 
-0.97 39.926 20.924 
-0.969 36.453 20.999 
-0.96 41.224 19.936 
-0.976 39.602 21.061 
-0.999 38.655 21.393 
-0.963 39.626 20.251 
-0.974 40.022 20.997 
-0.967 33.635 21.142 
-0.986 39.982 20.146 
-0.97 40.019 20.915 
-0.956 36.213 20.421 
-0.986 39.982 20.146 
-0.974 37.389 20.983 
-0.979 37.544 21.246 
-0.96 41.224 19.936 
-0.969 36.748 20.929 
-0.961 36.482 20.534 
-0.976 41.356 19.698 
-0.969 37.166 20.888 
-0.979 37.544 21.246 
-0.981 39.358 20.283 
-0.969 37.166 20.888 
-0.957 36.029 20.701 
-0.974 35.193 21.138 
-0.974 40.131 20.983 
-0.999 38.655 21.393 
-0.98 38.045 20.287 
-0.97 39.926 20.924 
-0.979 38.695 20.505 
-0.967 37.825 19.891 
-0.969 36.955 20.909 
-0.957 36.029 20.701 
-0.991 38.665 20.46 
-0.98 38.365 21.398 
-0.971 38.041 20.986 
-0.963 39.047 20.116 
-0.973 39.649 21.029 
-0.97 36.641 21.096 
-0.991 38.665 20.46 
-0.974 39.941 21.004 
-0.961 36.482 20.534 
-0.981 39.358 20.283 
-0.976 39.602 21.061 
-0.971 37.978 21.028 
-0.981 38.479 20.276 
-0.969 36.955 20.909 
-0.972 38.021 20.063 
-0.98 38.045 20.287 
-0.967 54.552 19.544 
-0.982 54.76 19.332 
-0.97 57.969 18.653 
-0.965 40.77 20.612 
-0.967 52.873 19.992 
-0.985 54.004 19.436 
-0.965 51.549 18.956 
-0.966 48.977 19.182 
-0.982 55.536 18.897 
-0.985 53.769 18.954 
-0.978 60.857 19.771 
-0.967 56.166 18.914 
-0.963 46.056 19.732 
-0.978 52.077 20.277 
-0.967 50.921 19.963 
-0.98 50.447 19.311 
-0.97 50.592 19.106 
-0.983 44.6 19.772 
-0.981 43.402 19.911 
-0.99 52.663 19.346 
-0.973 61.516 18.588 
-0.988 46.187 20.439 
-0.971 39.117 20.978 
-0.971 40.065 20.911 
-0.984 52.485 18.211 
-0.984 51.112 20.384 
-0.976 43.063 20.842 
-0.981 51.865 20.26 
-0.959 42.948 19.861 
-0.985 54.004 19.436 
-0.978 49.833 20.092 
-0.982 68.6 18.41 
-0.964 47.023 19.639 
-1.0 65.358 19.84 
-0.983 46.224 19.737 
-0.99 44.574 19.756 
-0.988 46.187 20.439 
-0.981 55.087 20.069 
-0.984 50.03 19.493 
-0.967 44.865 19.274 
-0.969 58.716 18.767 
-0.981 40.032 20.27 
-0.965 51.959 18.75 
-0.989 43.832 20.47 
-0.965 50.819 20.088 
-1.0 36.655 21.642 
-0.999 41.955 20.27 
-0.976 48.651 19.201 
-0.978 63.192 17.342 
-0.966 54.46 18.785 
-0.988 65.435 19.55 
-0.964 44.178 19.274 
-0.989 48.874 19.375 
-0.957 36.351 20.701 
-0.969 62.523 17.645 
-0.963 46.899 19.465 
-0.967 54.552 19.544 
-0.983 46.224 19.737 
-0.984 50.03 19.493 
-0.976 69.606 17.008 
-0.968 59.772 18.378 
-0.999 41.955 20.27 
-0.976 41.356 19.698 
-0.973 38.908 21.097 
-0.982 46.343 19.434 
-0.971 59.076 18.508 
-0.972 57.491 18.211 
-0.977 46.002 20.378 
-0.975 46.315 20.499 
-0.966 53.554 19.415 
-0.959 43.984 19.308 
-0.987 74.238 18.229 
-0.963 45.025 20.414 
-0.959 42.948 19.861 
-0.982 48.13 20.311 
-0.993 44.86 20.167 
-0.973 61.412 17.261 
-0.967 44.865 19.274 
-0.982 48.13 20.311 
-0.979 37.331 21.279 
-0.983 49.378 20.09 
-0.978 34.498 21.376 
-0.96 39.127 20.025 
-0.96 43.472 19.501 
-0.967 50.921 19.963 
-0.971 40.448 20.877 
-0.963 45.548 20.278 
-0.957 36.417 20.795 
-1.0 36.655 21.642 
-0.976 63.403 17.814 
-0.989 43.832 20.47 
-0.994 51.332 19.329 
-0.971 65.663 16.795 
-0.968 35.662 20.946 
-0.989 48.463 19.907 
-0.957 36.351 20.701 
-0.969 57.662 18.508 
-0.969 53.754 19.202 
-0.963 45.548 20.278 
-1.0 65.358 19.84 
-0.982 54.76 19.332 
-0.971 40.448 20.877 
-0.99 44.574 19.756 
-0.98 39.475 20.424 
-0.985 56.239 17.896 
-0.964 50.13 19.0 
-0.976 49.122 19.186 
-0.989 48.463 19.907 
-0.974 36.898 21.028 
-0.969 44.799 20.727 
-0.974 43.765 20.685 
-0.971 40.065 20.911 
-0.978 48.646 20.208 
-0.978 70.178 18.301 
-0.981 52.355 19.162 
-0.976 43.063 20.842 
-0.983 58.457 18.412 
-0.97 64.887 17.885 
-0.976 48.651 19.201 
-0.984 52.485 18.211 
-0.964 50.945 18.634 
-0.981 63.485 17.267 
-0.976 63.403 17.814 
-0.972 64.226 18.278 
-0.976 49.122 19.186 
-0.967 52.905 18.896 
-0.981 40.032 20.27 
-0.992 53.571 19.09 
-0.978 69.781 16.705 
-0.985 48.698 20.315 
-0.981 52.355 19.162 
-0.967 54.917 18.641 
-0.981 51.865 20.26 
-0.973 38.908 21.097 
-0.978 69.781 16.705 
-0.976 51.868 19.086 
-0.976 47.351 20.334 
-0.981 50.682 19.363 
-0.969 55.229 19.15 
-0.966 53.242 18.414 
