-0.989 84.875 16.145 
-1.0 78.464 16.936 
-0.976 32.032 21.475 
-0.958 39.941 19.576 
-0.985 43.324 20.748 
-0.995 44.69 19.973 
-0.971 54.509 18.398 
-0.965 56.72 17.312 
-0.995 57.108 18.002 
-1.0 78.464 16.936 
-0.988 59.673 17.664 
-0.978 67.366 16.808 
-0.975 71.512 16.609 
-0.969 62.564 16.957 
-0.973 72.376 16.578 
-0.987 80.614 16.424 
-0.979 77.132 16.578 
-0.993 79.408 16.768 
-0.973 35.909 21.126 
-0.976 33.263 21.417 
-0.983 36.832 20.346 
-0.963 39.952 19.702 
-0.972 35.276 21.27 
-0.987 55.525 17.929 
-0.977 52.482 18.955 
-0.972 60.929 17.21 
-0.981 40.256 20.069 
-0.979 47.027 19.394 
-0.989 65.569 17.327 
-0.968 45.519 18.812 
-0.983 60.774 17.486 
-0.991 74.39 17.585 
-0.97 51.965 18.506 
-0.973 62.576 17.135 
-0.967 55.255 17.789 
-0.986 68.608 16.904 
-0.988 84.185 16.16 
-0.968 39.17 19.846 
-0.993 84.66 16.232 
-0.97 64.104 16.843 
-0.983 36.832 20.346 
-0.977 51.498 18.971 
-0.982 43.582 20.152 
-0.995 52.41 19.302 
-0.98 38.045 20.287 
-0.97 57.213 17.386 
-0.98 70.613 16.738 
-0.982 44.064 19.609 
-0.968 49.706 18.749 
-0.99 56.932 18.611 
