0.363098117439409 0.31206419608431524 0.1474902848865678 0.7349532173615709 0.23321119146867975 0.6726303652487814 2 3 0  
0.318553305954432 0.9741632648524458 0.9696966708927818 0.37131623799234614 0.7341993481600181 0.19646851579635627 2 7 0  
0.3528896587351259 0.528546772864148 0.14825235713289253 0.008755282366968875 0.989295711910945 0.2687784840540275 6 3 1  
0.9450390786032101 0.9148226109288582 0.6294314383310545 0.38535083636543854 0.6267273514435352 0.5250954518055716 9 10 1  
0.6093178124296517 0.7964153239279079 0.3820929300922048 0.6403298205691952 0.8813816171179497 0.08127201352272773 8 6 1  
0.006608276787035128 0.6961418376045442 0.460448791870798 0.8831499385030787 0.2859712393439271 0.2002798396569645 7 10 1  
0.6176824148509678 0.6028467056147099 0.68387677667339 0.20325658027228666 0.21311884241353773 0.4390641165021302 3 8 1  
0.049779579164904386 0.8798292419746369 0.07029903338948107 0.6551280214242287 0.9257241206788807 0.03740309163028299 5 6 0  
0.769786966980797 0.6950609935797029 0.4124291236267733 0.7651622501766181 0.9315884744690852 0.02304519518475423 3 10 0  
0.43682125765317614 0.041096748161531305 0.8515760210582668 0.4766666885866153 0.26926503974467375 0.10962111809899044 5 5 1  
0.27452666639471923 0.7830940782194937 0.9429889149885162 0.4567615493559989 0.5435875394648496 0.06815687078791055 9 4 0  
0.3951176676597239 0.5374717335844547 0.722713218437264 0.9433789877691338 0.8005296808617343 0.8687492666428016 2 2 0  
0.7184394370073952 0.08204849066540121 0.7881607825918375 0.21321395554338662 0.8965578945966479 0.4560820554452646 10 5 1  
0.01773721763340852 0.3169455248955154 0.9585590648144108 0.16519933710550383 0.6107619753734027 0.1275096741725782 10 3 0  
0.04488576915856923 0.04192798373393869 0.7837012830048743 0.3238194596839905 0.546264655239633 0.7845737388599342 2 7 1  
0.5532400999018914 0.4712865152919985 0.6606511084192593 0.28967285147551036 0.6676863048792497 0.01287192566993578 10 4 1  
0.3500509127541588 0.30407359922557964 0.011937580459824959 0.7976458165581599 0.6614777705820518 0.06419158509320155 3 7 0  
0.9000507311205377 0.9527629582183188 0.6036220490760005 0.4830033645399747 0.3881900669501158 0.8414754463897836 8 2 1  
0.19564689514652656 0.2073508670282309 0.9188701005128571 0.7782671207235045 0.20900801498334165 0.3846534408895249 6 9 0  
0.16125704571484523 0.8176529822436114 0.38343853037218467 0.12305745917295452 0.24676685431446055 0.6685146620019327 7 7 1  
0.11403229846354268 0.14090011177401052 0.10191794901265583 0.8323843845190166 0.0929243831166886 0.645828551243257 6 2 0  
0.5385750877669594 0.22430704075496655 0.5534926055490119 0.7080568649695783 0.5903915398080574 0.7977404708512198 5 6 0  
0.2244430892932162 0.05019303759674221 0.7533220085889173 0.2511114978633915 0.05350988410910085 0.643992283313641 2 3 1  
0.8433786708852883 0.19478459012750016 0.9612826407008668 0.20579594410024304 0.36760546050459997 0.27360448745724175 3 2 1  
0.4237269313557017 0.7081308822124609 0.6571636816149479 0.36452902754509187 0.2510053775225761 0.14874385885215924 10 7 1  
0.10579440373029159 0.4931047535515757 0.4430565980665847 0.3280099810739302 0.9626388602125225 0.5079364572453398 3 6 1  
0.5923732933627122 0.04604073127534092 0.9703746818042128 0.5459213795809923 0.6798811334962396 0.16781008372695017 8 7 0  
0.5898245359223776 0.7569726608258518 0.9862533135845388 0.8976839495145452 0.6801859603996375 0.2560342290333103 2 5 1  
0.8778055517747094 0.028249748716221323 0.4893535978879977 0.5915361076714387 0.552418867543785 0.9434952281835626 8 5 1  
0.5850116124498128 0.9242952796971727 0.13908009573911173 0.032639264121655076 0.14242435881611648 0.2515758380315247 7 9 0  
