0.895350292525931 0.6918418899342208 0.04239929240974877 0.6134126553380255 0.9118958748639012 0.2942748740181082 2 3 0  
0.907049548669256 0.6936948893859074 0.21853721956192593 0.6149343845246726 0.9118992740389626 0.3453878321680407 9 10 1  
0.3450420321626562 0.09768325787099186 0.017091926498924742 0.738498669956215 0.43007450434804706 0.2941478995301451 4 2 1  
0.895350292525931 0.6918418899342208 0.04239929240974877 0.5753003668568465 0.9118958748639012 0.29537672842386253 9 10 0  
0.907049548669256 0.06385854097295995 0.04089012388692051 0.5875788056256884 0.910173526714243 0.3453878321680407 9 10 1  
0.8960967449149824 0.20379549440511957 0.16418610709910436 0.7349250080409133 0.8813516820857223 0.2941478995301451 4 2 1  
0.907049548669256 0.6936948893859074 0.21853721956192593 0.7339240150773492 0.9042260471814018 0.3449763067659297 5 10 1  
0.8443549925523955 0.7799688547212846 0.3950104058009106 0.6427157612114598 0.2952771791041524 0.12286735051653098 6 3 0  
0.8623074791508831 0.09768325787099186 0.017091926498924742 0.738498669956215 0.4285952464399332 0.2941478995301451 6 3 1  
0.8623074791508831 0.09650529179409123 0.017091926498924742 0.7377869453753136 0.4285952464399332 0.29775636039196757 8 3 1  
