0.0654464750203263 0.268893548758979 0.6443257118121872 0.008194506814422464 0.965384141617657 0.3011309270929843 10 4 1  
0.40162720896733806 0.33925013863121745 0.28204352985652825 0.7094384712209804 0.80820145288537 0.8881944471958034 7 2 1  
0.5012464652668807 0.13639641770787492 0.061130807855746205 0.16976601360984356 0.8219989961249032 0.21239652745605486 5 3 1  
0.5128549610924181 0.07166057874201114 0.314572539216996 0.9229874193620202 0.27081778049188426 0.13357227142897746 10 8 1  
0.44251852320426277 0.13118628070192204 0.04098137326091819 0.1429710857535993 0.8002120646034475 0.21373828828149766 4 3 1  
0.514633727252438 0.0 0.0 0.5612236800350886 1.0 0.0 7 2 1  
0.6181595521720666 0.6630451707228899 0.485384507254971 0.8139531980931688 0.825100846717286 0.28506045856578077 4 4 1  
0.0 0.1723080071666157 0.8803694874062569 0.0 1.0 0.28451744805744345 5 6 1  
0.6835934895313196 0.7171298589622013 0.6014504549753539 0.7444788925840349 0.8941643993225237 0.10182610342016235 3 7 0  
0.35400085906370216 0.36435641058829454 0.3070829969559084 0.7777201372586224 0.7851638004306117 0.8156646499316671 7 10 1  
