0.32804551881021937 0.8414960636296056 0.9995006859158712 0.3665603136092679 0.9614551677395453 0.45479638812589274 0.8253833840489772 0.10155483283502797 0.23802580574290388 0.8628883499558467 0.3536621942533592 0.6772917570072648 6 1 5 6 1 5 2 5 1 1 0 1  
0.6116495812856311 0.9593067406924205 0.38188985992299573 0.7344393000084738 0.6691647755698699 0.5383456069404903 0.7755700319006568 0.5635249483099126 0.17055537135777143 0.5341623219074247 0.6403171709073608 0.18215612589887697 6 3 3 5 3 2 3 3 1 1 1 1  
0.6116495812856311 0.9597520834033602 0.38188985992299573 0.7344393000084738 0.6691647755698699 0.9464803065064341 0.7527984824931211 0.5635249483099126 0.17055537135777143 0.5341623219074247 0.6384385492198251 0.18215612589887697 1 6 3 5 3 2 3 3 1 1 1 1  
0.7664275395066561 0.8344248237312321 0.741892425197924 0.46382059752861504 0.20309697427159096 0.9948469282130461 0.2722712591165468 0.5568407482843539 0.3034012868608233 0.08951222221946514 0.6810731098745281 0.06998296411136878 1 2 2 3 2 3 3 3 1 1 0 0  
0.6512901678122007 0.8482094906648021 0.818502676676454 0.9507691340301745 0.12738879613842713 0.5994475147459335 0.9462225059972436 0.24272946182951333 0.41092788497801414 0.23900687702096335 0.09170695796870826 0.6816428869434923 4 5 7 3 3 4 3 5 1 1 1 1  
0.9715608695286229 0.4451697182220533 0.7386087925187713 0.5888196594799694 0.26019586261980787 0.3658171463406653 0.555963808684491 0.9092398862964276 0.678644082495486 0.21125114101452702 0.48050532274572477 0.49710603017984634 3 6 5 5 2 3 5 5 1 1 0 1  
0.6528541974559257 0.4141357417283587 0.5257506233085015 0.7512517189591706 0.9024993020322932 0.05268825729585935 0.25671894274320894 0.39018005528073074 0.9464043072748214 0.8814111405834362 0.3379584585078922 0.34397740687261935 2 3 7 1 4 1 3 4 0 0 1 0  
0.32804551881021937 0.767359161031672 0.30092434189858996 0.3665603136092679 0.9614551677395453 0.8673784196030654 0.8243650506168468 0.9351065056442107 0.23802580574290388 0.8555008538490945 0.44906299229431834 0.4970000229916557 1 1 5 6 1 5 2 5 1 1 0 1  
0.6993443139428844 0.8216323213799217 0.8896631972315656 0.932514465470375 0.1693381261164074 0.1654562234588296 0.9217898730808031 0.01073104656737156 0.003798687225353148 0.2230599106884419 0.8208158554137261 0.6933992268921314 3 3 5 6 1 2 4 4 1 1 0 1  
0.6116495812856311 0.9593067406924205 0.38188985992299573 0.7344393000084738 0.6691647755698699 0.5543821033553072 0.7755700319006568 0.5635249483099126 0.17055537135777143 0.5514137980236263 0.6403171709073608 0.18215612589887697 6 3 3 5 3 2 3 3 1 1 1 1  
0.3346219213017098 0.4261309437763182 0.96824671197298 0.3691959191490454 0.9614551677395453 0.5332534684559916 0.5527698969710871 0.8819726800032308 0.7003068132934736 0.8628883499558467 0.3182284785941819 0.6224261394687725 3 1 5 6 1 5 2 5 1 1 0 1  
0.652278609625211 0.6242156703839371 0.8183336000667023 0.44929519032007037 0.12621284833100588 0.9943319208186844 0.2722712591165468 0.5582574734560304 0.3007273702601295 0.09134719054156545 0.6810731098745281 0.7832044857256834 4 5 7 7 6 3 3 3 1 1 0 0  
0.1197660385013658 0.8236961912288396 0.707902961568297 0.7581985860467235 0.6587100507076076 0.19954142212692738 0.9083688097486237 0.2694916831244637 0.9840395615382759 0.22479959347934447 0.6983317935590992 0.06809462083645423 3 1 2 6 6 4 2 1 0 1 1 1  
0.6740862950769136 0.18300911682744625 0.2628390446758391 0.07261839243184043 0.934217218815561 0.9248002070591883 0.4462316157078672 0.536126310219393 0.23595302310001276 0.6998686968995546 0.8524351018152675 0.4140003193369325 5 1 2 5 3 5 3 4 0 1 1 1  
0.29674091900316146 0.6238465464260405 0.7291507023142394 0.44929519032007037 0.7844080660647123 0.5971552413446543 0.28193082825854165 0.03305623813346159 0.29480371479562917 0.08809229194232293 0.49852898289182324 0.7841283747422574 1 1 3 6 5 6 6 4 0 1 0 0  
0.12426678517758372 0.06235578783421013 0.7064704592775904 0.7581985860467235 0.14826183693394857 0.8753053432597513 0.48870776126352544 0.2804821608468977 0.9840395615382759 0.22977347483540383 0.6781161673062245 0.7653579744717058 3 1 2 6 6 4 2 1 1 1 1 1  
0.6712922280665531 0.4166886743362219 0.5288647532862506 0.6974502550368695 0.9023849873478595 0.201609825053055 0.9574095949875835 0.8395159245689192 0.5442962331078953 0.057124895584301005 0.33792008400565265 0.34467957723343573 2 1 2 3 2 1 4 5 1 1 1 1  
0.5417278213667146 0.09279317607966597 0.04065684880400078 0.005375330931524647 0.536257666881804 0.21475161215286276 0.5703772145253955 0.2688892026327484 0.4712202841271145 0.23973201909558162 0.19498429443051069 0.15903829360914123 6 1 5 5 1 4 3 3 1 1 1 1  
0.14994796409488498 0.08875537649887133 0.6996124381931572 0.7802151820283516 0.6356168441414658 0.19954142212692738 0.7179459394534845 0.874108230303938 0.6733415105854897 0.04004747132422459 0.017933560462412124 0.04214249435558938 1 6 3 5 6 2 1 3 1 1 1 0  
0.6993443139428844 0.8311982885521422 0.8428453344437795 0.932514465470375 0.15454952563620028 0.1654562234588296 0.9217898730808031 0.01073104656737156 0.003798687225353148 0.2230599106884419 0.8246161457683846 0.6933992268921314 1 6 3 5 6 2 1 3 1 1 1 1  
0.7665067165753748 0.06506078969682194 0.7057496096158945 0.7597131668402054 0.19134847885256734 0.1278840164500024 0.9171706659301375 0.26950420916175444 0.9840395615382759 0.23216610128170878 0.6782420952814882 0.013839427567111928 5 2 2 3 2 1 4 5 1 1 1 1  
0.2971190767117604 0.21883130532732076 0.48246190085429663 0.44809588032748193 0.7743205901943566 0.4230840159889322 0.7416169350653371 0.03583497647332334 0.29935477459561655 0.3584885328060805 0.09250185230468588 0.8881507204287826 1 1 3 1 3 4 2 3 1 0 1 1  
0.3001599258353129 0.21883130532732076 0.6581784769213795 0.44809588032748193 0.9083484177835354 0.4230840159889322 0.1951509538532536 0.021236269233803312 0.29935477459561655 0.9063389747492168 0.09250185230468588 0.8881507204287826 1 5 7 3 3 4 3 5 1 1 0 1  
0.6116495812856311 0.9667438552478158 0.6972490035266992 0.7344393000084738 0.6691647755698699 0.15172229788794322 0.7755700319006568 0.5117999636981158 0.1820309009605352 0.5341623219074247 0.6403171709073608 0.18215612589887697 3 1 2 7 1 2 3 3 1 1 1 1  
0.7614878213882206 0.6238465464260405 0.7042036277627315 0.44929519032007037 0.6795157592678955 0.9943319208186844 0.2722712591165468 0.5568407482843539 0.3034012868608233 0.08951222221946514 0.6810731098745281 0.7841283747422574 4 6 2 7 6 3 3 3 1 1 0 0  
0.14994796409488498 0.06506078969682194 0.7057496096158945 0.7581985860467235 0.15640331461112086 0.13061062511934413 0.48925701312864367 0.2804821608468977 0.9840395615382759 0.23216610128170878 0.6781161673062245 0.009497765937052094 3 1 2 7 1 2 4 1 0 1 1 1  
0.6116495812856311 0.14024088565446707 0.38508251793909004 0.7435424978821442 0.6691647755698699 0.5503597044134443 0.9067159811552515 0.5635249483099126 0.17055537135777143 0.5048392752877897 0.8852781870719997 0.18215612589887697 5 2 1 1 3 4 2 3 1 1 0 0  
0.7604993795752103 0.8478403666651351 0.704372704372483 0.9507691340301745 0.6806944204973246 0.5888973295405731 0.9462225059972436 0.2413127366739123 0.41360180157870785 0.23717190881339265 0.09170695796870826 0.7780272844359055 4 6 2 3 3 4 3 5 1 1 1 1  
0.496253362639306 0.2284283901540472 0.8140253612853687 0.84169937854966 0.9860731592242993 0.19203167850198682 0.2511941239314235 0.46588550339102 0.7021064177250484 0.9058276427997547 0.8329824141047427 0.8988505530285699 6 1 4 7 5 2 4 1 1 1 0 1  
0.5997892429540168 0.8242634877135105 0.7217835521252952 0.7589809639391374 0.12040673913253158 0.2016093764911584 0.9114965918010869 0.8426156446039759 0.4901420947592018 0.05379538827851171 0.4933193900126416 0.1192384333130676 1 6 3 5 3 2 3 3 1 0 1 1  
0.15496242085983347 0.055283596440071414 0.3903904660109156 0.7581985860467235 0.15640331461112086 0.5172340669757891 0.48925701312864367 0.2804821608468977 0.9482951150539561 0.23216610128170878 0.6435220914596584 0.009497765937052094 6 3 3 5 3 2 4 1 0 1 1 1  
0.9882733563199027 0.47381233476399204 0.3239776523823642 0.6558651834796392 0.5932497208562055 0.061819227499955734 0.6945453426330119 0.18642064565479732 0.553823366664667 0.44467518984435783 0.1418714984364066 0.9724114284535785 6 5 3 3 4 6 1 6 1 0 1 1  
0.7693881569719149 0.18602107569182258 0.9857764656777226 0.7512517189591706 0.9893106708363827 0.05268825729585935 0.197464355292845 0.39018005528073074 0.9464043072748214 0.8814111405834362 0.3334522096945627 0.4106365819335784 6 3 7 1 4 1 3 4 0 0 1 0  
0.15103039827101772 0.1885740082931172 0.9919488433842484 0.6959356742433876 0.9480105009016533 0.20433598516050017 0.4873606262172191 0.8504921298998789 0.5415990700400634 0.057124895584301005 0.6808146897785131 0.3126486457487404 3 1 2 7 1 2 4 1 0 1 1 1  
0.649016767108358 0.7631146873807184 0.7553822375299076 0.757610149444889 0.14436133077128804 0.8692006651635856 0.7612733439122508 0.03862265877962687 0.003798687225353148 0.7521780829309093 0.10891847637303986 0.686546435461376 1 1 4 7 1 2 4 1 1 1 1 1  
0.6986706516694283 0.4361983211991808 0.9754530685162437 0.5328092449797477 0.9693944413266932 0.056522335373425436 0.5876632577198186 0.8056610871562823 0.4144827967963124 0.05688917375232093 0.3232699127634774 0.5662912999695695 6 1 7 2 5 6 1 4 1 1 0 0  
0.32804551881021937 0.767359161031672 0.31610213654670727 0.3665603136092679 0.9614551677395453 0.8721099300518423 0.8253833840489772 0.7545529903482818 0.23802580574290388 0.8628883499558467 0.45043124810044866 0.6772917570072648 6 1 5 6 1 5 2 5 1 1 0 1  
0.6116495812856311 0.7491661292666059 0.38508251793909004 0.7344393000084738 0.6691647755698699 0.9586030496109064 0.7522242950553278 0.5635249483099126 0.17055537135777143 0.5341623219074247 0.6383966847367946 0.18215612589887697 1 6 3 7 6 3 3 4 1 1 0 0  
0.4222347210268186 0.8068522851418115 0.9946401888378197 0.6986307734190562 0.9863805888145745 0.20112312245396405 0.4097373240087017 0.9020373987729232 0.24003212708526836 0.9271302204841648 0.33210569252175737 0.16621138868595708 6 1 5 6 1 5 2 5 1 1 1 1  
0.7506160768916688 0.2374424091284681 0.7774832995741165 0.7411379520359654 0.3902243971562632 0.24981249105307932 0.1719512947962163 0.655569149034433 0.8689372472951624 0.2712049123144159 0.8188257272148478 0.4012184984165402 1 1 2 5 3 5 6 4 0 1 1 1  
0.7675874065095951 0.1885740082931172 0.9919488433842484 0.6974502550368695 0.9891467114151316 0.2016093764911584 0.9152806468127306 0.8395159245689192 0.5415990700400634 0.057124895584301005 0.6809406177537769 0.4113387522943948 5 2 2 3 2 1 4 5 1 1 1 1  
0.6484059098164857 0.5992897786780786 0.7569660168627758 0.44929519032007037 0.11609456373495736 0.9999157886265693 0.546403440002685 0.5568407482843539 0.011085366524666185 0.09234961464415653 0.6810731098745281 0.69722217241819 4 6 2 7 6 3 3 3 1 1 0 0  
0.748853475473757 0.3382737999324226 0.242851362247466 0.5237306243506246 0.37270427643671705 0.9667067617295144 0.9107105712753627 0.06473263307633631 0.9039452621795231 0.8177467553277948 0.45120867435010237 0.3220020876665156 5 2 1 2 3 1 5 2 1 0 0 0  
0.5994127157789267 0.8282487094170605 0.3787132120953597 0.7343386500446967 0.2828979984846283 0.5513184739395288 0.9114965918010869 0.8422538396926391 0.18292799039210822 0.4886408256803659 0.4933193900126416 0.1192384333130676 6 3 3 7 6 3 3 4 1 1 0 1  
0.5417278213667146 0.4774803103223687 0.6288777238526115 0.6389656082760422 0.5929106329250922 0.0631316861199744 0.5703772145253955 0.2688892026327484 0.4712202841271145 0.23973201909558162 0.19498429443051069 0.9835425091776516 5 2 1 1 3 6 1 6 1 1 1 1  
0.3261026432240668 0.7641898668822256 0.31831465820358806 0.6389656082760422 0.5483070946679229 0.0631316861199744 0.5701351453989842 0.9371419064214672 0.4712202841271145 0.8608490244808562 0.42131454629255066 0.4862469287542917 1 1 5 6 1 5 2 6 1 1 1 1  
0.07452864363308476 0.4746262118279727 0.9215135795875053 0.43949612666308746 0.30676789648354197 0.20313690369500337 0.7185972228361651 0.16360694050361058 0.17490861850395678 0.19369847389748274 0.7423288171784238 0.47957036921440344 3 1 3 6 2 4 1 1 0 1 1 1  
0.7561027278155822 0.21593056519477377 0.661642399253965 0.9843818776346016 0.6745546636449141 0.4844242790150498 0.9064241488421849 0.49885779746760617 0.9910703589115037 0.9813345490035219 0.8857579870837395 0.16779913863615475 5 2 1 1 3 4 2 3 1 0 1 1  
0.7675874065095951 0.7436898976079185 0.6962120044366698 0.7582265619890803 0.1708050015656894 0.2016093764911584 0.8944651244090344 0.8397256832105342 0.5434649633563412 0.937413056691146 0.6758635169953465 0.604391539501566 1 1 5 3 2 1 4 5 1 0 1 1  
0.7561027278155822 0.8319303195053573 0.661642399253965 0.9750412138892257 0.6745546636449141 0.4844242790150498 0.7747040121339992 0.49885779746760617 0.9910703589115037 0.9964178590525868 0.6407551035268664 0.16779913863615475 6 3 3 7 6 3 3 4 1 0 1 1  
