0.0 0.540868627024616 0.9445798105840836 0.9595916267430499 0.0 0.5727936329457847 10 10 1  
0.08056062189291069 0.7608677362750136 0.622102890912581 0.7743543206158687 0.3884030294399903 0.37119280604580496 2 9 1  
0.7371735087490416 0.5608342087641092 0.48298765131729504 0.1886357279597354 0.9469435465221908 0.13143735758376415 1 4 1  
0.49144900583269446 0.6835135755993822 0.32199176754486336 0.43497500417837326 0.9749281793202857 0.09777533078944234 1 3 1  
0.3381359085440978 0.8125224971656622 0.23734524851226016 0.6496158997948258 0.4843091483362559 0.15876102662418923 1 2 1  
0.3345346703341967 0.8597451741750934 0.2600293186612781 0.7000306112655199 0.10681210082397108 0.31752205324837846 1 2 1  
0.6550471093923775 0.35038655364192817 0.0 0.0 1.0 0.0 1 5 1  
0.3300654557873255 0.8907295132182103 0.1726310054155087 1.0 0.0 0.6189957133646256 2 1 1  
0.16980923625823507 1.0 0.30264566474614774 1.0 0.0 0.7777567399888148 2 1 1  
1.0 0.0 0.8032820488724572 1.0 0.0 0.09550653374189005 2 1 1  
1.0 0.0 0.7762818092563335 0.9766708659255677 0.0 0.14230757042409425 2 2 1  
1.0 0.0 0.7962389851686603 0.9533417318511355 0.0 0.0936020733644084 2 1 1  
1.0 0.0 0.8097391049767222 0.8910896928871168 0.0 0.0702015550233063 2 1 1  
0.4116273027523638 0.5 0.7447963097291874 0.5361399476559591 0.0 0.567604276587322 1 7 1  
1.0 0.25 0.8550366135677944 1.0 0.23309620733100445 0.2655961768245274 5 1 1  
0.3164495538796432 0.9782357112460827 0.9517972134927114 0.5587231135722872 0.8773650373370132 0.7550543032670882 10 1 1  
0.2491441936604205 0.9891178556230413 0.5008508398884481 0.8676140657983615 0.0 0.549368495280161 1 1 1  
0.32734665807246305 1.0 0.5249522331420924 1.0 0.0 0.6718413436466169 1 1 1  
0.6345715543873695 0.868001128890866 0.5713530197612767 1.0 0.0 0.1739739121069509 1 1 1  
0.02737428059444355 1.0 0.4813833882453045 1.0 0.0 0.9957348630793319 1 1 1  
0.2198685283315007 0.9924285776079024 0.49699032440840263 1.0 0.0 0.7153998335896863 1 1 1  
0.09967492906514885 1.0 1.0 1.0 0.5 0.3225415613087739 1 1 1  
0.1742784508051063 1.0 0.3313268829389351 1.0 0.0 0.4762830798725677 1 1 1  
0.1970734895683035 0.9962142888039511 0.41661949732850445 0.9351812773570238 0.0 0.5760853381786761 1 1 1  
0.174583592413188 0.6989709353311623 0.07490349092589454 0.8422619148709005 0.805154552892497 0.13623549316144412 3 1 0  
0.7507470452985568 0.30443472048958786 0.0649817521632865 0.5032109228697819 0.3409128882029155 0.043390825050064086 1 1 0  
0.7406938000295945 0.2869621439214166 0.4272021221472688 0.543372024652695 0.44452071796824283 0.0 1 1 0  
0.7450023337162927 0.29445039102206144 0.2848014147648459 0.5261601238885893 0.4001173623545311 0.0 1 1 0  
0.753619401089689 0.30942688522335104 0.0 0.49173632236037806 0.31131065112710765 0.021695412525032043 1 1 0  
0.2997492138783526 1.0 0.8274664556596736 0.8829559729752183 1.0 0.005583116385939724 1 1 1  
0.4644655882896398 0.7511515892377194 0.5808243959763733 0.7386392505837538 0.8371084880752805 0.005476940882818582 1 1 1  
0.267331053728044 1.0 1.0 1.0 1.0 0.007690056968557263 1 1 1  
0.4324287424380671 0.7191080065744759 0.34235950009685884 0.6948575199004449 0.9185542440376402 0.002738470441409291 1 1 1  
0.3610900682459198 0.7242308845018782 0.04341111081536436 0.5582964061192809 1.0 0.0 1 1 1  
0.14878492239541868 0.8356637761139531 0.0 0.6202265297895969 0.2680144558688843 0.6253988703505906 1 1 1  
0.30853267718187716 0.8336322680961028 0.053179482215271856 0.6202265297895969 0.29672279850760963 0.8084404254277564 1 1 1  
0.24641213556380814 0.8728765306156694 0.6539712447924122 1.0 0.0 0.7243181463104145 1 1 1  
0.25489853976597 0.8355117283737712 0.5222889028904052 1.0 0.0 0.6339168898456684 1 1 1  
0.3113691078091452 0.798070902261782 0.6517510124336008 1.0 0.0 0.5412765912332487 1 1 1  
0.18994156752063293 0.9103173567276585 0.5245091352492165 0.9119460602644002 0.07418069962690241 0.8169584449228342 1 1 1  
