0.2136840385675628 0.6153369805594274 0.24381581289506882 0.04993982702585564 0.8605873293586257 0.35950163629039167 2 3 1  
0.9057480945136606 0.7504205278349775 0.10042393463609 0.4147894440395147 0.43581641219788547 0.566116270590965 3 2 0  
0.43808173433722375 0.12763618682484967 0.6482657817388043 0.25102134016699507 0.5031148960064263 0.9387251721176628 2 3 0  
0.9057480945136606 0.9274119831906381 0.10042393463609 0.5924704123370297 0.43581641219788547 0.566116270590965 5 2 0  
0.9057480945136606 0.1575231931677879 0.10042393463609 0.2577290165723804 0.5028972656373191 0.566116270590965 2 2 0  
0.19441079533230587 0.13037541217915383 0.08405805218965129 0.5770829120712647 0.3623387967143752 0.9387251721176628 9 8 1  
0.573318951104556 0.9274119831906381 0.1256997599651285 0.5924704123370297 0.43581641219788547 0.566116270590965 10 9 0  
0.9147432044817563 0.8342019437364828 0.09618284331442944 0.8652124400353594 0.43581641219788547 0.566116270590965 3 2 1  
0.7831247934934545 0.39326488241013535 0.632453901162538 0.8792263708668144 0.004725588226325961 0.3027240937971949 8 8 1  
0.8946819763575395 0.5894565004642329 0.2270267411216002 0.4704375456546246 0.539638348480346 0.006152018482195154 5 6 0  
0.9057480945136606 0.7779975139049832 0.10290307158802793 0.38242951177836276 0.43581641219788547 0.10155222755927726 6 4 0  
0.9057480945136606 0.1575231931677879 0.10042393463609 0.2577290165723804 0.5028972656373191 0.566116270590965 2 2 1  
0.9169240480771457 0.8201876702853003 0.06890227300494017 0.3591017361472876 0.19765455793820352 0.9371225145368184 3 3 0  
0.27953751217058553 0.8101836959473989 0.08157796324797723 0.5631261331532723 0.7967478182442849 0.15710562261821043 6 7 1  
0.2098540575649466 0.5559795203366428 0.056599719865953746 0.5731649952694302 0.2884272075554519 0.8524880502049788 4 4 0  
0.32619321307593313 0.29896231374088644 0.30540128117939946 0.6624889436970642 0.21046763620321648 0.3202567395960694 7 5 1  
0.43808173433722375 0.12763618682484967 0.6482657817388043 0.24693239574739312 0.5031148960064263 0.8427736120027328 3 3 1  
0.27294077314165666 0.8200476039613958 0.06806901816181571 0.554322615424698 0.40789449820855384 0.9341187895602274 2 2 1  
0.8055834284017742 0.8101836959473989 0.08882164289749905 0.5668207679847737 0.7977974893671557 0.15710562261821043 3 7 0  
0.9073250859108498 0.5811455409380457 0.2270267411216002 0.45642357076808004 0.5130604320374017 0.006152018482195154 2 6 0  
0.7542584363229934 0.33462279428982344 0.123864792355937 0.5937642372582977 0.2829700043182796 0.30077348900955786 3 5 1  
0.9057480945136606 0.7757388592621058 0.17051547231658146 0.5261805585380096 0.4290761669990705 0.8413739418789207 7 7 1  
0.5660590107917184 0.3928990500635768 0.614121596567866 0.8691073950448456 0.7737881582963787 0.142031704932753 8 8 0  
0.880393640786302 0.39326488241013535 0.10026164253911049 0.8792263708668144 0.007893215983223512 0.3028151808215931 4 8 1  
0.45972585927352466 0.3020259404897109 0.07874298304977415 0.5750885306396651 0.7967478182442849 0.09600426560451208 7 8 0  
0.2809964113649611 0.2086967651113792 0.08390366277139497 0.5770829120712647 0.3977967317670924 0.9387251721176628 6 8 1  
0.278853776269098 0.814398738745756 0.08240053593214636 0.04993982702585564 0.8433830309959824 0.2904836414477252 4 4 1  
0.1913845764844999 0.33462279428982344 0.123864792355937 0.573110254297325 0.287863590184425 0.30077348900955786 2 5 1  
0.23331276091907238 0.744993870243584 0.24381581289506882 0.04993982702585564 0.8605873293586257 0.35950163629039167 3 3 1  
0.4390191326227369 0.30351580906878345 0.6645093534095078 0.3137466355734446 0.39529155939199434 0.5686630325375264 10 7 0  
