0.9960568520952633 0.29406171444965984 0.5228537480477737 0.8992131471513791 0.8308835859932329 0.604826395949768 0.1094247845058901 0.0 1.0 0.0 0.6615775076155074 0.7949317112092094 1 7 5 2 6 5 6 6 1 1 0 1  
0.6584025823308622 0.0 0.0 0.23607636219832756 0.0 0.9269062403760803 0.7900504468277015 0.5103240939943747 0.0905391138820682 0.1700419726555534 1.0 0.8301823255003995 4 1 2 1 5 4 1 6 0 0 0 1  
0.11116602338050621 0.02607448928279532 1.0 1.0 0.0 0.02591668613568976 0.6829967362912911 0.7263175193295246 0.846981903255795 0.0 0.4366358643229138 0.6984566017272981 7 2 1 1 1 6 6 6 1 1 1 1  
0.0 0.2628546727082969 0.9746960017052549 0.9685368923029067 0.9178237375326378 0.5275970646450898 1.0 0.2550930257314712 0.6765445228584384 0.07760737145801189 1.0 0.6843475150547991 1 7 1 2 1 6 4 4 1 1 1 0  
0.6041372082324029 0.023325552105724623 0.42137527907034167 0.41793793927603456 0.31635298962063274 0.35292562189956317 0.5735055299846524 1.0 0.4514044116532964 0.11630942800766025 0.3599589602090163 0.9191776054052654 4 6 1 1 4 6 3 4 0 1 1 1  
0.6211726774127599 0.4593830764526496 0.4178366280279171 1.0 0.0 0.17974497575136422 0.08715801374046928 1.0 0.39137611083527063 0.08455293290138333 0.9293273124660929 0.3809288839660316 7 2 3 6 2 5 6 4 1 1 1 1  
1.0 0.5486213172781831 0.6126445834631689 0.2514634600535326 0.6200383767984661 0.8559445751372423 0.15840310966042448 0.542905776109378 0.2957629919022054 0.6773298411142956 0.22492819276858794 0.11639667796375497 5 4 4 7 3 5 6 5 1 1 1 0  
0.9855331481795986 0.18825942547145452 0.6964993513784155 0.585913142529545 0.5347977113374379 0.37730181434497045 1.0 0.2358236234925128 0.4754139911992381 0.5460355232225733 0.9389069353530151 1.0 1 6 7 3 6 4 2 5 1 1 0 1  
0.759510266284755 0.0 0.41778417767602527 0.1128495183704053 0.9694710175896923 1.0 0.35112144077513346 0.35810703693794643 0.025238241502539616 0.5181245357764195 0.12335969612362732 1.0 4 3 7 3 4 2 5 2 0 0 0 1  
0.4356111388387185 0.0 0.8743337028137828 1.0 1.0 0.6614272874244923 0.8179326794383426 0.35087319181176513 0.6559584282956817 0.0 1.0 0.04832816979524579 1 6 6 5 3 6 6 5 1 1 1 0  
1.0 0.0 0.4241500870324628 0.5524134401968227 0.5249449854695198 0.1522927255489528 0.6970879925011025 0.7831208463468291 0.47604338528417456 0.263410796375843 0.551987818499009 1.0 2 7 1 1 6 6 4 4 0 1 0 1  
1.0 0.22336644952737558 0.7438961912177953 0.0 0.6279234658381516 0.5078086187011935 1.0 0.2374099749164416 0.4201961255365211 0.5995452433358985 0.6083564449775227 1.0 1 6 6 5 6 6 1 5 1 1 1 0  
0.42463511115042835 0.0 0.6988942804524518 1.0 1.0 0.45813772770370853 0.8653744110547782 0.34314399428210307 0.7188244281471421 0.0 1.0 0.27549957384235924 1 6 4 4 3 6 6 4 1 1 1 0  
1.0 0.10634323090395109 0.30759775292444747 0.6335431867987498 0.38711528595721756 0.36609670573094444 0.8806783105805301 0.1989822990467125 0.24895028315139175 0.29420273673636554 0.9149656051598245 0.8434475955739175 1 6 6 2 6 6 3 5 1 1 0 1  
0.8286790607207526 0.0 0.41775795250007935 0.0 1.0 1.0 0.48310315429246553 0.03716055540691965 0.0 0.7349103372139376 0.0 1.0 3 4 7 2 5 1 5 1 0 0 0 1  
0.8079364399258993 0.14703085722482992 0.5895020715923773 0.9406917892881201 0.9154417929966164 0.5867870985420894 0.5547123922529451 0.0 0.9783272739836835 0.0 0.8307887538077536 0.5016035763612962 1 7 6 3 6 6 6 4 1 1 1 1  
0.7092147583440668 0.6441755972918446 0.13986959814341146 0.8872909913711752 0.657443254598462 0.38250892759156374 0.004255276314624412 0.8558039881309354 0.16683684523738376 0.0 0.1763261353666663 0.31080822785942497 5 5 3 7 3 6 4 6 1 1 1 1  
1.0 0.24121403356742577 0.0 0.0 1.0 1.0 0.4840905146969041 0.10075769203975227 0.0 1.0 0.11060192978545128 1.0 1 5 7 3 5 1 3 1 0 0 0 1  
0.5723435060780064 0.0 0.6885211800408093 1.0 1.0 0.5259179010907176 1.0 0.10102749796223925 0.8604416797165235 0.0 1.0 0.2544505620790163 1 7 5 3 5 6 6 2 1 1 1 0  
0.3913320436160218 0.2503621446489189 0.670122157660012 0.7749459393038292 0.8306500400790436 0.5205846546363544 0.6466092135388644 0.9532343748297751 0.8975720021375313 0.869753511772538 0.5282677065370005 0.3212594669648875 1 6 2 7 6 5 2 5 1 1 1 0  
0.31410036171353806 0.22321422133788726 1.0 0.9145418768308569 0.25423222263299083 0.22572816552143973 0.2927287420728619 0.560578426142238 0.9140525750967115 0.03816343608974432 0.12076757837491625 0.6694053123573251 5 2 3 2 2 6 4 6 1 1 1 1  
0.477398462720949 0.0 0.7532627498484661 1.0 1.0 0.44025810100333074 0.8602659719765917 0.31788711979154327 0.6680159432148367 0.0 1.0 0.346800803210283 1 6 4 4 3 6 6 4 1 1 1 0  
0.6584025823308622 0.0 0.0 0.23607636219832756 0.0 0.9269062403760803 0.7900504468277015 0.5103240939943747 0.0905391138820682 0.1700419726555534 1.0 0.8301823255003995 4 1 2 1 5 4 1 6 0 0 0 1  
0.31410036171353806 0.22321422133788726 1.0 0.9145418768308569 0.25423222263299083 0.22572816552143973 0.2927287420728619 0.560578426142238 0.9140525750967115 0.03816343608974432 0.12076757837491625 0.6694053123573251 5 2 3 2 2 6 4 6 1 1 1 1  
0.5842786890441292 0.0 0.34083883154730554 0.6741281051130075 0.9377855162918145 0.042175422577906574 0.8882575804566971 0.2796108663049292 0.8930531994506727 0.0 0.5899164231232183 0.7076321313896814 1 7 3 3 4 6 5 1 1 1 1 0  
0.680281054703264 0.8080079864268515 0.9176727950513475 0.7920309028327654 0.9528081053589027 0.4049191448196158 0.3472626302032477 0.929486637022536 0.5847208582272412 0.5036655729724154 0.22420879575304736 0.6870782840192673 3 4 7 7 2 1 2 6 1 1 0 0  
0.8286790607207526 0.0 0.41775795250007935 0.0 1.0 1.0 0.48310315429246553 0.03716055540691965 0.0 0.7349103372139376 0.0 1.0 3 4 7 2 5 1 5 1 0 0 0 1  
0.0 0.2628546727082969 0.9746960017052549 0.9685368923029067 0.9178237375326378 0.5275970646450898 1.0 0.2550930257314712 0.6765445228584384 0.07760737145801189 1.0 0.6843475150547991 1 7 1 2 1 6 4 4 1 1 1 0  
0.8462370010475414 0.0 0.0 0.24388785509744215 0.0 1.0 1.0 0.0 0.5368209127562821 0.46982831937163794 1.0 1.0 1 3 7 1 2 6 1 5 1 0 1 1  
0.4321977436031223 0.0 0.887411511740018 0.7628032123908155 0.46905264237926586 0.6307669491202307 1.0 0.5197055548660804 0.09322380587169773 0.4020448944159598 1.0 0.7943937170917748 1 7 7 6 3 4 3 5 1 1 1 1  
0.402683055773848 0.0 0.34801543572979005 0.669875119806496 0.8544182815564416 0.05155860826214104 0.9602578742876493 0.32768559922277896 0.8445564278500628 0.0 0.6813677083000089 0.7298423819365861 1 7 1 2 3 6 5 2 1 1 1 0  
0.680281054703264 0.8080079864268515 0.9176727950513475 0.7920309028327654 0.9528081053589027 0.4049191448196158 0.3472626302032477 0.929486637022536 0.5847208582272412 0.5036655729724154 0.22420879575304736 0.6870782840192673 3 4 7 7 2 1 2 6 1 1 0 0  
1.0 0.8636627687843155 0.5143564910084921 0.0 1.0 1.0 0.271893393869577 0.3047334309518491 0.5414636106905918 1.0 0.0 1.0 5 2 7 1 2 1 1 3 1 1 0 1  
0.402683055773848 0.0 0.34801543572979005 0.669875119806496 0.8544182815564416 0.05155860826214104 0.9602578742876493 0.32768559922277896 0.8445564278500628 0.0 0.6813677083000089 0.7298423819365861 1 7 1 2 3 6 5 2 1 1 1 0  
0.5935763942426757 0.0 0.12995491541142157 0.0779707611792117 0.0 0.9269062403760803 0.707675691100949 0.27095638201801736 0.10222656009925463 0.3273446544020469 0.9544749077635496 0.6099309848680373 4 1 1 1 5 4 1 6 0 0 0 1  
1.0 0.22336644952737558 0.7438961912177953 0.0 0.6279234658381516 0.5078086187011935 1.0 0.2374099749164416 0.4201961255365211 0.5995452433358985 0.6083564449775227 1.0 1 6 6 5 6 6 1 5 1 1 1 0  
0.9394899321203004 0.0 0.03994067950997099 0.4724665950328476 0.9301231026017268 0.0 0.4676373633467796 0.3871047819916982 0.7788936659451702 0.15512461663952648 0.9969176120123855 0.6722647663777072 1 6 5 6 3 6 6 2 1 1 1 0  
0.7092147583440668 0.6441755972918446 0.13986959814341146 0.8872909913711752 0.657443254598462 0.38250892759156374 0.004255276314624412 0.8558039881309354 0.16683684523738376 0.0 0.1763261353666663 0.31080822785942497 5 5 3 7 3 6 4 6 1 1 1 1  
0.10688854963385475 0.26778723819309064 1.0 0.8845183375519555 0.0 0.16813951322670495 1.0 0.5587018703060203 0.5936127365376964 0.0 0.2613169797474586 0.764226891813232 5 2 1 1 3 6 5 6 1 1 1 1  
0.42463511115042835 0.0 0.6988942804524518 1.0 1.0 0.45813772770370853 0.8653744110547782 0.34314399428210307 0.7188244281471421 0.0 1.0 0.27549957384235924 1 6 4 4 3 6 6 4 1 1 1 0  
0.3481048625601348 0.15299433511540034 0.3020481370002051 0.3645921849571735 0.0 0.7673624984321652 0.6335133855476299 0.6365705195086452 0.1996723358896355 0.0 0.5309078885798391 0.6818028063844481 5 3 2 1 1 5 1 4 1 0 1 1  
0.5921454908109962 0.8989302543519143 0.16443164464794946 0.7743009632591894 0.06105796482061543 0.004995334785026562 0.9489348841348324 0.21161882953313627 0.7965054202507158 0.9637509284471611 0.4111203316465617 0.44232978578502224 1 7 2 2 3 4 2 5 1 1 1 0  
0.081140324915357 0.4098855299331268 0.8594915008049088 0.9181434658785963 0.8332655305292542 0.6098812121183084 0.7750646754549156 0.09614946583569953 0.84253655125102 0.07760737145801189 0.9203863977787524 0.9084129690542623 1 7 1 1 1 6 4 5 1 1 1 0  
0.5935763942426757 0.0 0.12995491541142157 0.0779707611792117 0.0 0.9269062403760803 0.707675691100949 0.27095638201801736 0.10222656009925463 0.3273446544020469 0.9544749077635496 0.6099309848680373 4 1 1 1 5 4 1 6 0 0 0 1  
0.04257615298307563 0.09870489370616436 1.0 1.0 0.0 0.0 1.0 0.7674438669355184 0.6625953865579155 0.0 0.2198501119894537 0.8629634147029779 7 3 1 1 2 6 6 6 1 1 1 1  
1.0 0.5486213172781831 0.6126445834631689 0.2514634600535326 0.6200383767984661 0.8559445751372423 0.15840310966042448 0.542905776109378 0.2957629919022054 0.6773298411142956 0.22492819276858794 0.11639667796375497 5 4 4 7 3 5 6 5 1 1 1 0  
0.6041372082324029 0.023325552105724623 0.42137527907034167 0.41793793927603456 0.31635298962063274 0.35292562189956317 0.5735055299846524 1.0 0.4514044116532964 0.11630942800766025 0.3599589602090163 0.9191776054052654 4 6 1 1 4 6 3 4 0 1 1 1  
0.759510266284755 0.0 0.41778417767602527 0.1128495183704053 0.9694710175896923 1.0 0.35112144077513346 0.35810703693794643 0.025238241502539616 0.5181245357764195 0.12335969612362732 1.0 4 3 7 3 4 2 5 2 0 0 0 1  
0.4356111388387185 0.0 0.8743337028137828 1.0 1.0 0.6614272874244923 0.8179326794383426 0.35087319181176513 0.6559584282956817 0.0 1.0 0.04832816979524579 1 6 6 5 3 6 6 5 1 1 1 0  
1.0 0.0 0.4241500870324628 0.5524134401968227 0.5249449854695198 0.1522927255489528 0.6970879925011025 0.7831208463468291 0.47604338528417456 0.263410796375843 0.551987818499009 1.0 2 7 1 1 6 6 4 4 0 1 0 1  
0.04257615298307563 0.09870489370616436 1.0 1.0 0.0 0.0 1.0 0.7674438669355184 0.6625953865579155 0.0 0.2198501119894537 0.8629634147029779 7 3 1 1 2 6 6 6 1 1 1 1  
0.6198160277565352 0.0 0.6561503951369809 0.9821704314248613 1.0 0.5687478011344109 1.0 0.0 0.9566545479673669 0.0 1.0 0.20827544151338293 1 7 6 3 6 6 6 1 1 1 1 0  
0.8462370010475414 0.0 0.0 0.24388785509744215 0.0 1.0 1.0 0.0 0.5368209127562821 0.46982831937163794 1.0 1.0 1 3 7 1 2 6 1 5 1 0 1 1  
1.0 0.8636627687843155 0.5143564910084921 0.0 1.0 1.0 0.271893393869577 0.3047334309518491 0.5414636106905918 1.0 0.0 1.0 5 2 7 1 2 1 1 3 1 1 0 1  
0.8079364399258993 0.14703085722482992 0.5895020715923773 0.9406917892881201 0.9154417929966164 0.5867870985420894 0.5547123922529451 0.0 0.9783272739836835 0.0 0.8307887538077536 0.5016035763612962 1 7 6 3 6 6 6 4 1 1 1 1  
0.8954591761330578 0.13180090902840763 0.26520805697195315 0.48557206060022684 0.5249449854695198 0.1522927255489528 0.6970879925011025 0.583050570906123 0.46297966571647525 0.41417266134948155 0.5066318665503822 1.0 2 7 1 1 5 6 4 4 0 1 1 1  
0.11116602338050621 0.02607448928279532 1.0 1.0 0.0 0.02591668613568976 0.6829967362912911 0.7263175193295246 0.846981903255795 0.0 0.4366358643229138 0.6984566017272981 7 2 1 1 1 6 6 6 1 1 1 1  
0.081140324915357 0.4098855299331268 0.8594915008049088 0.9181434658785963 0.8332655305292542 0.6098812121183084 0.7750646754549156 0.09614946583569953 0.84253655125102 0.07760737145801189 0.9203863977787524 0.9084129690542623 1 7 1 1 1 6 4 5 1 1 1 0  
0.9855331481795986 0.18825942547145452 0.6964993513784155 0.585913142529545 0.5347977113374379 0.37730181434497045 1.0 0.2358236234925128 0.4754139911992381 0.5460355232225733 0.9389069353530151 1.0 1 6 7 3 6 4 2 5 1 1 0 1  
0.10688854963385475 0.26778723819309064 1.0 0.8845183375519555 0.0 0.16813951322670495 1.0 0.5587018703060203 0.5936127365376964 0.0 0.2613169797474586 0.764226891813232 5 2 1 1 3 6 5 6 1 1 1 1  
0.5139133967543119 0.8893861247405375 0.0 0.01727795343551264 0.6064071520000662 1.0 0.7871441956119145 0.048688003761477305 0.38189692277489745 0.7866533109710745 0.32249932975549545 0.7305252124179873 7 1 1 5 6 3 3 6 0 0 0 0  
0.5852925737010027 0.9189713246158242 0.1547435978337372 0.26456209161675015 0.4638011420024328 0.6733715832380489 0.0 0.21642220266434742 0.960165993330578 0.031361325210914226 0.5170803602141926 0.0669098806979278 5 4 2 2 6 4 3 1 1 0 0 1  
0.4323875829550774 0.5409652644234928 0.5061232038009984 0.6649024556423012 0.22550997811282242 0.7961642606747514 0.3498981606217608 0.5333583226602523 0.5839015133141465 1.0 0.49454948486681166 0.7732709161843472 7 1 4 3 2 6 6 6 0 0 0 1  
0.7504194871122533 0.17402330915016762 0.3042669746664485 0.05452837680988143 0.4892429682627897 0.6601691451107398 0.6571316838589235 0.2168746266844369 0.1515407753948882 0.5999185649303481 0.7757515991137938 0.6644436784995977 2 4 7 1 2 1 4 5 0 1 1 0  
0.5123361202096819 0.9772116701541546 0.5003597957866273 0.014392694979528331 0.8238185717440132 0.6006810965008461 0.5423989296645388 0.2269762536427714 0.8823782701579945 0.6127048850566248 0.205506232371641 0.89196085693039 5 4 2 3 4 1 1 3 0 1 0 0  
0.2571610198508172 0.15725799624870151 0.633347871074434 0.36313086483489143 1.0 0.583030594964635 0.7002464529841521 0.6961585372545223 0.43623864745540936 0.0 0.7887719480382926 0.299215928813352 6 6 5 1 5 4 4 4 1 0 1 1  
1.0 0.24953970254382712 0.6609437942657099 0.23866293679251016 0.8356725290738658 0.4311239826067569 0.5799386189218126 0.5260457524245414 0.8859826691062835 0.6811230030183005 0.0 0.7947815901904736 2 3 1 4 4 1 1 6 0 0 0 1  
0.905225265578807 0.169564788627815 0.6669322764505584 0.34314299684176697 0.6395978995992596 0.562237069416263 0.5241283319716623 0.8776701058705895 0.7263610570302893 0.4770649271160915 0.02872385963846691 0.3725691258684646 3 2 1 3 3 1 1 6 0 0 0 1  
0.6591167555120803 0.7361900852041818 0.785860649801164 0.11531973193895084 0.29502551674968036 0.09480650630258836 0.2205764715964491 0.49932421221377854 0.8936640025217681 0.4491324837093117 0.34004171557572904 0.5659584013564546 5 4 5 6 6 4 2 2 1 0 0 0  
0.22473434352572885 0.34364127555085155 0.2969144846361159 0.4771812678983438 0.4086008116638594 0.33018037362156816 0.6846487939823579 0.6702405764140364 0.7732682739287903 0.8940105131324553 0.29955618402353057 0.9962786680598084 6 3 1 5 2 5 1 3 1 0 1 1  
0.7507053251432649 0.6254062265308302 0.7344398762837446 0.9268025102734658 0.9766626273696619 0.07109777589258726 0.9888761790980438 0.9629218112753916 0.8918501366687087 0.8157635479154203 0.298746848689872 0.2580082356401896 6 4 2 2 4 4 5 1 1 1 1 1  
0.5231690423780075 0.674153470340769 0.13219510567277837 0.3114694024949687 0.19017072309536243 0.4041446757091054 0.23585816442768504 0.38071946427546 0.4050643479674072 0.6614177199829235 0.10985396297398742 0.07217213798137856 7 2 4 5 5 3 1 2 0 0 0 0  
0.32784965821856826 0.21455882522426029 0.5681455396406607 0.018341719421599234 0.4869059625449639 0.6031928949418124 0.36998586086780494 0.22034187856342302 0.0730221563008211 0.8169485472994784 0.9044904893882834 0.20153306594450882 6 3 2 1 6 1 4 2 0 0 1 0  
0.357477274531358 0.9108649621871209 0.24315036949644953 0.563170595620741 0.4822867697568184 0.14701523736127464 0.1531831815102026 0.453811591777346 0.05917294937195727 0.49452085519549027 0.28568023370707907 0.20261160976459658 4 7 1 5 2 6 3 6 0 1 0 0  
0.7222764945399672 0.2885788366621503 0.22665834710264682 0.4300530063909363 0.0259979588005117 0.0 1.0 0.6415952147609455 0.4292413039163617 0.0 1.0 0.8090254838094366 4 4 4 6 5 4 2 4 1 1 1 0  
0.16581184591982334 0.2587157827117996 0.5587387195568209 0.3643632508218485 0.6375434149555373 0.935824361783653 0.48343920809013574 0.7554790863348179 0.16952568505127907 0.8305091099062208 0.1979924169764511 0.997170897706911 6 3 5 7 3 3 4 1 0 1 0 1  
0.16873738014476414 0.7079310774102184 0.9068097429564617 0.16763102983804723 0.5816510082010885 0.23502376702425787 0.3105548552909787 0.6137245516288498 0.8114782420727108 0.7118481489874875 0.5190085700475636 0.8889156668246074 4 5 2 3 6 4 2 5 1 0 0 1  
0.10793167160799977 0.02391916484183565 0.5788663076650068 0.27209371391402426 0.5193362508746764 0.0019879790556239785 0.5520872942909736 0.4472375406390888 0.8468905705693334 0.8453546807742849 0.7486277481309299 0.4365975649984679 7 2 7 4 2 3 3 4 1 1 0 1  
0.5295541346612308 0.0297940213237472 0.8012090846363966 0.4626401386820479 0.9109495474935316 0.6511044268514348 0.6166500858537906 0.2606935367711296 0.059919172387128294 0.32227634906376235 0.8330232600701586 0.79842620202579 3 4 6 2 2 3 6 5 1 0 0 1  
0.15047976753888265 0.5028911869038801 0.3418785958457563 0.5037303683355776 0.0 0.4746415697094597 0.474896626599064 0.6684203880251874 0.2957655094889894 0.0 1.0 0.0810149465279057 5 7 5 5 1 3 5 6 1 0 1 1  
0.13377227445334117 0.7338640147396527 0.537650048477241 0.3691338063284295 0.42640372496876555 0.5557849362681514 0.6823159998243606 0.06579402886903984 0.5446191260351522 0.023569684838182225 0.1900394986446452 0.9902277184194956 4 5 4 6 3 3 2 1 0 0 0 1  
0.49425730391525974 0.38477409864893414 0.4967211915602223 0.15625974367130763 0.026939373458905125 0.6871954460530372 0.9265609272051868 0.394458282949554 0.4952405377883292 0.2690646789554322 1.0 0.5027850102895352 5 7 7 6 1 6 5 6 1 0 1 1  
0.9680137256828992 0.20049888817962724 0.22484219353171164 0.22152761413858524 0.1825402248565624 0.20151956669833415 0.8975297439077863 0.3659984689536393 0.27405014300390707 0.2681059198024782 0.7819730270121328 0.9777533273136155 4 5 1 1 6 4 3 4 0 1 0 1  
0.5538976478053481 0.06478999445000266 0.7225622591614748 1.0 1.0 0.42165538948626635 0.6286011010370341 0.1454045499001475 0.5138385103299499 0.15046090769039444 0.7757665280781689 0.6331999555379839 1 6 4 6 3 6 6 5 1 1 1 0  
0.0 0.4050792587205397 1.0 0.7279939017928648 0.10642282385952506 0.0 0.6501279007354333 0.8735237894308678 0.36946862982982887 0.0 0.0 0.5663273341786161 7 1 2 1 1 5 6 5 1 1 1 1  
0.13754402803449206 0.5935521571840224 0.5410783409795548 0.40764681368141775 0.3042163672023841 0.5702947172660717 0.07107162462134786 0.563455165821225 0.9107266169058349 0.8206196707954412 0.7443087340835018 0.2976516239848477 6 7 6 3 6 6 4 2 0 1 1 0  
0.8325550415940683 0.0 0.5539607384712165 0.9274551642895925 0.9832935810483213 0.8794085591937555 0.7005713793937322 0.19531681011433516 0.3695024574174634 0.6052429418335767 1.0 0.0 2 5 7 6 4 4 6 4 0 1 1 0  
0.8979508730408647 0.5762005810635216 0.25710839864957524 0.3584684464018726 0.0 0.0 1.0 0.34125136079445934 0.4288846472196925 0.0 0.8386040212870038 0.5979692984031568 6 4 4 6 6 5 1 4 1 1 1 0  
0.6404923252942516 0.2667094076529472 0.25241040457670144 0.5683999524342711 0.0 1.0 1.0 0.43550191319993914 0.6752331327170056 0.6167241548733483 0.6299140927159694 0.8476806794873804 1 5 4 1 3 5 1 4 1 0 1 1  
0.2571610198508172 0.15725799624870151 0.633347871074434 0.36313086483489143 1.0 0.583030594964635 0.7002464529841521 0.6961585372545223 0.43623864745540936 0.0 0.7887719480382926 0.299215928813352 6 6 5 1 5 4 4 4 1 0 1 1  
0.16005439176028402 0.19199852847670928 0.7715138006162565 0.6306407042286549 0.008022833055721934 0.9000569537048471 0.04618152875469883 0.9938286121993315 0.6259555715473557 0.7486368102854273 0.45226011331866267 0.7158120097696523 4 6 4 4 3 2 6 1 1 1 0 1  
0.35448042340272634 0.942048481150743 0.36690256317761943 0.2012583686806731 1.0 0.4204926893306664 0.4813762403406955 0.2414402291011578 0.31605573269329423 0.0 0.23413280784577495 0.35938836454289197 3 1 1 1 6 6 6 1 1 0 1 0  
0.4128777722821823 0.2039415367640679 0.8206329411244381 0.0 0.5895209861487476 0.5464052487253392 0.49950439526637125 0.6370787789964544 0.0 0.815098106136538 1.0 0.4027902776009567 5 4 1 1 6 1 5 3 0 0 1 0  
0.11858841193726566 0.2426478193743525 0.5595411065486553 0.0 1.0 0.4191227519954863 0.8953070259602003 0.20952357905873237 0.5683445345182929 0.9028125510604463 0.7938459717069041 0.3193126466015367 3 6 7 7 6 5 1 5 1 1 1 1  
0.24979482336798714 0.8100985884423495 0.535502469307507 0.47654145074588394 0.5700645725451001 0.2541077194058861 0.6354387912173023 0.6497434698543854 0.6334261407868556 0.6316315013232574 0.43356606867939596 0.8474983539253553 5 4 4 1 1 2 2 6 1 0 1 1  
0.2611218927833221 0.5775616783203114 0.883997995115552 0.4335010486035437 0.2888366740184947 0.23417488455405383 0.8458154748816049 1.0 0.0 1.0 0.6602713391462722 0.5474840775299157 7 6 3 3 1 1 2 5 1 0 1 1  
0.49425730391525974 0.38477409864893414 0.4967211915602223 0.15625974367130763 0.026939373458905125 0.6871954460530372 0.9265609272051868 0.394458282949554 0.4952405377883292 0.2690646789554322 1.0 0.5027850102895352 5 7 7 6 1 6 5 6 1 0 1 1  
0.4588055998990873 0.5886366968026768 0.670299336247918 0.43145048726793667 0.38428500148088207 0.397812364956323 0.16330976025591482 0.4655671544423421 0.8600405792791861 0.015468254899475786 0.5095216831740316 0.6521492018599954 4 6 4 6 2 5 2 5 0 1 1 1  
0.968478828788002 0.9036052015744098 0.6885104678548188 0.12301860463837361 0.3843300751640522 0.6761676479683344 0.7854106099015199 0.9993150678441987 0.2934270273824806 0.5855794629320542 0.49694798957300024 0.5347945407785031 1 3 7 3 4 3 2 2 0 1 1 1  
0.6298602360116454 0.11089731140699266 0.6076409584656903 0.7714421891085718 0.272256218379299 0.9212055731224875 1.0 0.43928776721745283 0.0 0.3439652743712739 0.8053395936541332 1.0 1 7 6 5 3 3 4 5 1 0 1 1  
0.41848436797946564 0.8071928492851299 0.37911825999361126 0.5905597825753096 0.590150395301323 0.7888295876417987 0.00916094269229828 0.589838028551437 0.6851224705284039 0.9684358798307879 0.5626433236790971 0.922450853624885 7 2 4 7 2 6 5 6 0 1 1 0  
0.7650881457417751 1.0 0.7197210103639573 0.1672311815934799 0.9786943717788896 0.5935806936041681 0.3685778714771176 0.357935604854314 0.8441280611547767 1.0 0.05123002745786717 0.8815021574714657 7 2 4 1 1 3 2 5 1 1 0 1  
0.3732615530659924 0.14525729139982546 0.23003729758320168 0.5743003483225388 0.7638471082950964 0.3536755648700054 0.18684130312617953 0.5103470357211677 0.2950963251259531 0.8361942247806 0.19010120005816844 0.5351555830419723 2 6 3 3 6 6 4 3 0 0 0 0  
0.10918138669094452 0.7132943155565553 0.5898098330649189 0.5111599897684092 0.07407958277170829 1.0 0.7048809150561723 1.0 0.6398605968667357 0.4035551206348114 0.3755694168534579 0.46860035027988717 5 2 6 5 3 1 6 1 1 0 1 1  
0.5401101046946944 0.890784384011833 0.07520011829157425 0.6273126218170183 0.3739528029940712 0.5174681133086853 0.20006588645018963 0.797636652692954 0.19220064708218954 0.9672940205863911 0.4577664250740596 0.8866616532390449 6 4 5 7 5 5 6 3 0 1 0 0  
0.12853640676322275 0.3012516906943481 0.3012306426867698 0.176242561078053 0.9143742229659969 0.02664565895371465 0.8302835909380426 0.38571176879663516 0.42814099264246286 0.9887361340274596 0.7846605728078092 0.4896279344063744 3 6 6 7 5 6 1 4 1 1 1 1  
1.0 0.5030160615565424 0.5047684312251708 0.0881061168841979 0.6798154804226165 0.8387421201420411 0.5006939290373076 0.43782982841634666 0.3589000882119939 0.8464259992402059 0.3972468838141795 1.0 5 3 7 3 3 4 2 4 1 1 1 1  
1.0 0.0 0.9004458714563977 0.0 0.7566525875478318 1.0 0.7748012192805692 0.2015046449858135 0.5020607132269087 0.41230544595953356 0.7534503727751565 0.5005413572325554 1 7 2 7 5 4 3 6 0 1 0 1  
0.5661748869630178 0.4417135674381747 0.3924325549331895 0.8579024699191391 0.44782180604966537 0.28194917217438964 0.46794766038162294 0.7949579304545878 0.14760755316945318 0.406587010648392 0.229071786293779 0.005039439458662809 4 3 7 3 6 5 4 2 0 1 0 1  
0.32590185971731844 0.21803388032295545 0.542178842237528 0.5731451318486674 0.11700958931606531 0.7472031569994031 0.5072617700865885 0.5543142767162026 0.281937229714162 0.890756373908253 0.4201118182853002 0.7193065560566242 7 1 3 2 3 5 6 5 0 0 0 1  
0.08866892422802941 0.7644085404487971 0.24644306263807392 0.09551024061851332 0.18816614612366866 0.7344253319303058 0.011860610246815173 0.15977633772401267 0.5016761810249365 0.4377906516338389 0.7285152499930412 0.311063690779661 3 3 7 7 4 1 5 1 1 0 1 1  
0.8110250566967572 0.03933838313295879 0.32833205976150814 0.6039450082175238 0.7309317861105433 0.5232763500109823 0.31404124947050327 0.05825754259894278 0.040502661212591495 0.13535448021482854 0.38849433932302413 0.4361394662197421 1 2 3 7 6 5 1 6 1 0 1 0  
0.16509011274627172 0.6510771069327264 0.9666739873955092 0.6276402231491924 0.484085077782043 0.45142207105062215 0.7746276747575261 0.7061509978498544 0.20594040142548242 0.9601557604036848 0.7996718068006445 0.2982858657105637 7 6 5 4 1 1 3 5 1 0 1 1  
0.4271525478458712 0.442048481150743 0.4908936488260673 0.701258368680673 1.0 0.16428883685566736 0.8565897906995164 0.0 0.6500637043007126 0.04406029088460606 0.3665365441922913 0.3422026058728658 1 4 1 2 6 6 6 1 1 1 1 0  
0.976167803709577 0.8917508761353197 0.6188895451509829 0.48631220389183694 0.13003547503707658 0.07593521014412363 0.060216053899368904 0.81767912522525 0.5984976880376859 0.8233670217323131 0.051439157382063394 0.957137562256684 3 4 6 3 3 1 3 2 0 0 0 0  
0.5292910999660754 0.09676406411568206 0.34315453579701927 0.29563389891593583 0.4277788818475886 0.8036181033699933 0.35414116015096264 0.5004122935003406 0.2479279808466084 0.5690379519228966 0.46600397626685075 0.6089822839378929 5 1 1 3 3 1 1 6 0 0 0 0  
0.5139133967543119 0.8893861247405375 0.0 0.01727795343551264 0.6064071520000662 1.0 0.7871441956119145 0.048688003761477305 0.38189692277489745 0.7866533109710745 0.32249932975549545 0.7305252124179873 7 1 1 5 6 3 3 6 0 0 0 0  
0.24979482336798714 0.8100985884423495 0.535502469307507 0.47654145074588394 0.5700645725451001 0.2541077194058861 0.6354387912173023 0.6497434698543854 0.6334261407868556 0.6316315013232574 0.43356606867939596 0.8474983539253553 5 4 4 1 1 2 2 6 1 0 1 1  
0.968478828788002 0.9036052015744098 0.6885104678548188 0.12301860463837361 0.3843300751640522 0.6761676479683344 0.7854106099015199 0.9993150678441987 0.2934270273824806 0.5855794629320542 0.49694798957300024 0.5347945407785031 1 3 7 3 4 3 2 2 0 1 1 1  
0.3782848918129179 0.6942461226644576 0.9737010347190196 0.5483783154030047 0.3604121608273585 0.4177910225272202 0.4842475872109492 0.3776412048986634 0.3539145552830383 0.13527938135604456 0.552012276548265 0.5575105926570565 5 1 4 5 5 1 4 3 0 1 1 1  
0.4329323618372022 0.6964999616956544 0.5882197872516995 0.6840167179207286 0.050566962044949815 0.728584929176197 0.4413436579212304 0.4438196306357066 0.08037746044754635 0.19283788451874118 0.3981094538634974 0.9637643194588399 3 4 3 7 2 4 3 1 0 0 0 0  
1.0 0.5030160615565424 0.5047684312251708 0.0881061168841979 0.6798154804226165 0.8387421201420411 0.5006939290373076 0.43782982841634666 0.3589000882119939 0.8464259992402059 0.3972468838141795 1.0 5 3 7 3 3 4 2 4 1 1 1 1  
0.4321977436031223 0.0 0.887411511740018 0.7628032123908155 0.46905264237926586 0.6307669491202307 1.0 0.5197055548660804 0.09322380587169773 0.4020448944159598 1.0 0.7943937170917748 1 7 7 6 3 4 3 5 1 1 1 1  
0.7898464472782603 0.039534676409105074 0.33785004808027846 0.6180113886819747 1.0 0.48467804452105845 0.5665456639588751 0.0 0.6598481796985187 0.4102326003652823 1.0 0.0 1 7 7 6 5 5 6 1 1 1 1 0  
0.24698268724680783 0.2781754074398598 0.5721317581245003 0.7130797740194822 0.3188081496489966 0.5642017055623023 0.6029801467665876 0.977709515914524 0.5973450569087738 0.09572513603876887 0.31780428796656457 0.4859261400243261 3 5 2 2 1 5 1 3 1 0 1 0  
0.4471741127791067 0.29924068896763245 0.5506764462108442 0.8668773956339005 0.33344940844542414 0.7373898615804599 0.686430535565293 0.42680211563476766 0.022954721161416503 0.5228857734006821 0.3319161385675443 0.7592193627210418 3 7 4 7 4 4 4 3 0 0 1 1  
0.1316995199182821 0.3906056824531787 0.9643226197887812 0.9333612043274143 0.97252368006841 0.11967081283495251 0.8201805716120402 0.2552206862784433 0.04924598472381825 0.3811636354519379 0.5595887869279548 0.2012964859267733 5 4 6 5 5 6 6 2 0 0 0 1  
0.870347623823627 0.047841486519137444 0.8736976401600189 0.07359789655122917 0.7041671233545854 0.9424801274915158 0.6269935411670665 0.04402000268918915 0.501430461487026 0.48571376018196266 0.7738606215174694 0.5360933756536866 1 7 3 7 4 5 3 5 0 1 0 1  
0.6315591136983278 0.3844085389009583 0.5123853987911723 0.0012137198029089635 0.19484043511441507 0.5811433465236825 0.08767951722909295 0.8891752209661528 0.47860885960681854 0.15950058280994495 0.4364303044147233 0.04568577973397481 7 7 1 6 5 5 5 1 0 1 0 0  
0.4951501110949853 0.6806046507818263 0.07488330297760726 0.05216765548145608 0.9059990240960222 0.9070988598715393 0.782668106594534 0.1586662655529847 0.3950887805532004 0.9140973137412842 0.2677368189398621 0.896794347757541 6 1 3 5 6 5 2 5 0 0 0 0  
0.9881964585446001 0.11693994394744744 0.32601779293857347 0.5730532489772231 0.12464279322245764 0.6736315921725506 0.8488910071037938 0.2257422733479736 0.11729661823797188 0.08711640606162474 0.927103616174553 0.6843489987661415 1 4 6 2 4 5 1 5 1 0 0 1  
0.6979609637875941 0.7737925083630729 0.5268419084183212 0.42265633755964693 0.48761282677946227 0.5035692817002496 0.2694078377470117 0.5633080325438544 0.9877668969159825 0.12506403930690313 0.22165002532988065 0.5520024427886736 6 5 5 6 4 1 4 2 1 0 1 0  
0.5611231615783421 0.05248790875222131 0.6711015934933274 0.9749893569583462 0.9410840218399663 0.9191703897143775 0.7187886207975884 0.553631911403593 0.33825089602259095 0.44798920967031997 0.902992767892577 0.12162914938387703 1 4 4 3 2 4 5 5 0 1 1 0  
0.6404923252942516 0.2667094076529472 0.25241040457670144 0.5683999524342711 0.0 1.0 1.0 0.43550191319993914 0.6752331327170056 0.6167241548733483 0.6299140927159694 0.8476806794873804 1 5 4 1 3 5 1 4 1 0 1 1  
0.9666210930376917 0.25591825569860843 0.48118367621998454 0.19060492874792412 0.1834495325892463 0.2781653367849282 1.0 0.4931690485717664 0.5172512252007987 0.3055568835370365 1.0 0.9985421302371091 4 5 5 6 5 6 2 4 1 1 1 0  
0.43497957176075386 0.8427643525350724 0.5416272186456568 0.3568622745549834 0.4524716787454016 0.8086843835953555 0.3983752309158447 0.49608803682094804 0.2763403206561049 0.8463411529767204 0.9596132155457379 0.002462127196586339 5 6 4 2 1 3 1 5 1 1 1 1  
0.6728049024698092 0.022283912369795655 0.6171925003372376 0.8450001026963092 0.6670814517219226 0.07602981700445022 0.25139749364873276 0.742774482271115 0.6824674085540919 0.06418322264257659 0.2257306583875105 0.07496303748232547 6 7 1 2 3 1 6 5 0 1 0 0  
0.6298602360116454 0.11089731140699266 0.6076409584656903 0.7714421891085718 0.272256218379299 0.9212055731224875 1.0 0.43928776721745283 0.0 0.3439652743712739 0.8053395936541332 1.0 1 7 6 5 3 3 4 5 1 0 1 1  
0.9666210930376917 0.25591825569860843 0.48118367621998454 0.19060492874792412 0.1834495325892463 0.2781653367849282 1.0 0.4931690485717664 0.5172512252007987 0.3055568835370365 1.0 0.9985421302371091 4 5 5 6 5 6 2 4 1 1 1 0  
0.6478679606591707 0.8080079864268515 0.9826502527570582 0.7129781023232075 0.9528081053589027 0.4049191448196158 0.30607525233987143 0.8098027810343573 0.5905645813358343 0.5823169138456622 0.20144624963482216 0.5769526137030863 3 4 6 7 2 1 2 6 1 1 0 0  
0.05249983980392625 0.5693611142490808 0.8540268563405261 0.013908983605904202 0.2635776259759972 0.8840745542300716 0.5346197187986775 0.3885994745406752 0.6250311993029138 0.9968445754799059 0.7676867137009385 0.9720657692499093 5 3 3 6 6 6 4 4 1 0 0 1  
0.8561065746254983 0.7535640822447465 0.6929431936393974 0.21053519299283074 0.5366711420630932 0.9318163173445423 0.1132482418604932 0.4194085118861762 0.35761905345414435 0.7161335268433016 0.18512139165796415 0.4328533755697065 5 4 2 6 2 5 5 5 1 1 1 0  
0.4469493886773048 0.1421997845579701 0.6501996855009974 0.04067570403983345 0.20586534848202465 0.2490554641847168 0.63309132791775 0.2117420607949364 0.13789332949722455 0.82878759194794 0.8307242504062907 0.22705547947455562 1 2 7 6 1 3 6 3 1 0 0 1  
0.08049596663349812 0.3833186913384864 0.08635378946670336 0.06856505835779947 0.928611106677738 0.4534322005480179 0.2230152467077483 0.5418220214498101 0.5550498641421728 0.3817476010448907 0.7059468916568025 0.7047608378699867 1 2 4 7 1 6 5 1 1 1 1 0  
0.7222764945399672 0.2885788366621503 0.22665834710264682 0.4300530063909363 0.0259979588005117 0.0 1.0 0.6415952147609455 0.4292413039163617 0.0 1.0 0.8090254838094366 4 4 4 6 5 4 2 4 1 1 1 0  
0.5000825235687139 0.0 0.6013135246953184 0.7386865006032381 1.0 0.0 1.0 0.1996108159907547 1.0 0.0 1.0 0.8031585254253772 1 7 4 3 5 6 6 2 1 1 1 0  
0.456998438534736 0.3341344489748267 0.7093195902446461 0.0 0.20240262595462322 0.716926785768651 0.32040496791926165 0.40975597118591556 0.16477842354125383 0.4786017263141509 1.0 0.0 7 4 1 3 6 1 5 1 0 1 1 0  
0.6796149701714866 0.05236098946124157 0.03807335244430077 0.26615284395616046 0.5933911771599163 0.7081430056216987 0.7937868526859422 0.8102223151581143 0.17501160420734108 0.9661326807047274 0.34686078640267126 0.38936039797807065 1 4 2 2 2 2 2 2 0 1 0 0  
0.12853640676322275 0.3012516906943481 0.3012306426867698 0.176242561078053 0.9143742229659969 0.02664565895371465 0.8302835909380426 0.38571176879663516 0.42814099264246286 0.9887361340274596 0.7846605728078092 0.4896279344063744 3 6 6 7 5 6 1 4 1 1 1 1  
0.3033550394067674 0.01699468734592363 0.6412420611263001 0.39735760669229037 0.34235775816299585 0.0907132215646324 0.10426869776503644 1.0 0.29279646160624784 0.18999759376131092 0.746099661732866 0.028948896837093396 4 7 6 5 4 1 6 6 1 0 1 1  
0.10918138669094452 0.7132943155565553 0.5898098330649189 0.5111599897684092 0.07407958277170829 1.0 0.7048809150561723 1.0 0.6398605968667357 0.4035551206348114 0.3755694168534579 0.46860035027988717 5 2 6 5 3 1 6 1 1 0 1 1  
0.19043047613313757 0.23387290019979767 0.02206122562451729 0.9100477480004634 0.08435935952666418 0.3909143046941451 0.0726829570893216 0.09129965594664347 0.602425028384546 0.3469716523899825 0.7181781653934 0.5569548095608414 6 7 2 3 6 3 2 6 1 1 1 1  
0.9526447876002717 0.30668151907242147 0.47807330719425534 0.9346452003052232 0.19661454445516735 0.21597156613018453 0.11599321572503873 0.6355255736693917 0.1932026983197801 0.3221335649147118 0.7956265848962332 0.295807427450275 4 1 1 3 1 3 4 4 1 1 1 0  
0.2092467127171993 0.7526908053134387 0.8313307255656267 0.6726953883213315 0.801924429587044 0.6830210388310715 0.5549049024637459 0.040670201880017576 0.6999276607098055 0.11442116310423023 0.7885519320763892 0.9181534652296407 1 7 2 2 2 6 2 6 1 1 1 0  
0.14299607938789616 0.5305415894121179 0.10165132336192068 0.3574723252408315 0.008682554056728242 0.49758982831866727 0.34564249157120813 0.6883891709578862 0.2957655094889894 0.07435304405140564 0.7309195471305627 0.0810149465279057 5 5 5 3 1 2 5 4 1 0 1 1  
0.4271525478458712 0.442048481150743 0.4908936488260673 0.701258368680673 1.0 0.16428883685566736 0.8565897906995164 0.0 0.6500637043007126 0.04406029088460606 0.3665365441922913 0.3422026058728658 1 4 1 2 6 6 6 1 1 1 1 0  
0.7279462884980448 0.9285250921061057 0.46702413953481625 0.5379121063033966 0.6327048224371008 0.5714693375123828 0.06889386159248678 0.12132359318152608 0.9559293902296941 0.009210746906013423 0.3981521658703403 0.293923993972544 4 2 1 2 6 4 1 1 1 0 0 0  
0.6679216775015575 0.7889004514462885 0.3580891693549001 0.16627807294991453 0.6150007444895667 0.6087236362709478 0.16169764670024928 1.0 0.5990377875376021 0.6266180704554638 0.43930263832252664 0.1229243871538539 5 7 7 6 3 1 6 3 0 0 0 1  
0.456998438534736 0.3341344489748267 0.7093195902446461 0.0 0.20240262595462322 0.716926785768651 0.32040496791926165 0.40975597118591556 0.16477842354125383 0.4786017263141509 1.0 0.0 7 4 1 3 6 1 5 1 0 1 1 0  
0.11858841193726566 0.2426478193743525 0.5595411065486553 0.0 1.0 0.4191227519954863 0.8953070259602003 0.20952357905873237 0.5683445345182929 0.9028125510604463 0.7938459717069041 0.3193126466015367 3 6 7 7 6 5 1 5 1 1 1 1  
0.5852925737010027 0.9189713246158242 0.1547435978337372 0.26456209161675015 0.4638011420024328 0.6733715832380489 0.0 0.21642220266434742 0.960165993330578 0.031361325210914226 0.5170803602141926 0.0669098806979278 5 4 2 2 6 4 3 1 1 0 0 1  
0.5000825235687139 0.0 0.6013135246953184 0.7386865006032381 1.0 0.0 1.0 0.1996108159907547 1.0 0.0 1.0 0.8031585254253772 1 7 4 3 5 6 6 2 1 1 1 0  
0.2611218927833221 0.5775616783203114 0.883997995115552 0.4335010486035437 0.2888366740184947 0.23417488455405383 0.8458154748816049 1.0 0.0 1.0 0.6602713391462722 0.5474840775299157 7 6 3 3 1 1 2 5 1 0 1 1  
0.12371170879815208 0.25963276248323885 0.9098825877658768 0.31893203500242795 0.567755329176598 0.7130909747889329 0.3958618442625731 0.12476129069593711 0.03442010681262031 0.0605745979450919 0.6336449434111119 0.5579685578479461 3 4 2 1 5 6 5 2 1 0 0 1  
0.5330761038372467 0.8794581376816979 0.9693884764992771 0.02438775602000076 0.21284564771905012 0.0032942493912435644 0.3002558014708664 0.647661758190638 0.08897961926083231 0.21090272642026509 0.12165797813719026 0.2738056910895177 3 1 5 1 1 3 6 2 1 1 0 0  
0.27801040589091675 0.08167424152905423 0.34157984902276883 0.9418796840433161 0.9403758568373178 0.7936642129793696 0.8234559073272857 0.6119710042926009 0.8209029685050445 0.10802930858216286 0.44609735103940773 0.4392852836994152 1 1 4 1 4 2 3 2 0 0 0 1  
0.8584436221562873 0.014593166388416456 0.7818289846957243 0.0 0.7562985050465076 0.9372469116324961 0.8271348625454178 0.23067419143031742 0.7433867494681354 0.242325495415455 0.5250026643485719 0.6593694243903245 1 6 2 6 6 3 2 5 0 1 0 1  
0.14299607938789616 0.5305415894121179 0.10165132336192068 0.3574723252408315 0.008682554056728242 0.49758982831866727 0.34564249157120813 0.6883891709578862 0.2957655094889894 0.07435304405140564 0.7309195471305627 0.0810149465279057 5 5 5 3 1 2 5 4 1 0 1 1  
0.7413608632175044 0.18218995542852834 0.09305505498819233 0.43153832797214575 0.8467558678663539 0.02897160759753925 0.42503671508594154 0.2762359550137763 0.8661539699632618 0.19392830236853242 0.9571108109017618 0.9530708492996968 1 6 3 4 2 6 5 2 1 1 1 0  
0.9967181884041466 0.4787897816454735 0.08986564051312662 0.8119807177756707 0.44137938138029487 0.4874760583834198 0.45566695203043994 0.15957029264663625 0.18245000767206487 0.6740894769910498 0.5680098870706385 0.5185800093792677 2 4 7 7 3 1 6 1 0 1 1 1  
0.8334131501546502 0.032848470754342385 0.8390079134639916 0.5632841046486827 0.6010749654782818 0.8099069649380424 0.28569391118706444 0.02261966278189209 0.9106050473161275 0.7574488509810959 0.27874598079571544 0.5103915982182715 2 6 7 2 4 6 2 5 0 1 0 0  
0.5538976478053481 0.06478999445000266 0.7225622591614748 1.0 1.0 0.42165538948626635 0.6286011010370341 0.1454045499001475 0.5138385103299499 0.15046090769039444 0.7757665280781689 0.6331999555379839 1 6 4 6 3 6 6 5 1 1 1 0  
0.22926274556910564 0.7165733185260869 0.9697820844190714 0.6997207960260349 0.1154838185812741 0.8060751588380972 0.8593146245323957 0.46466373642499637 0.5065911239319609 0.030049367668727456 0.6700871823162584 0.5898447139634879 4 6 7 5 4 2 5 3 1 1 0 0  
0.8072226093887118 0.608435204040225 0.5444961815745244 0.7971832922123476 1.0 0.23628172338909942 0.8365632812632477 0.19255666706220048 0.0 0.4220438838075497 0.35655540942546493 0.8610732999174977 2 2 6 3 3 4 6 5 1 1 1 0  
0.21387308362641133 0.8769933059564621 0.4714175333709542 0.44612752403419587 0.4638011420024328 0.46488688072036644 0.108077969143624 0.5141226252717324 1.0 0.0 0.8561653693406133 0.0 7 5 1 1 6 6 4 3 1 0 1 1  
0.8325550415940683 0.0 0.5539607384712165 0.9274551642895925 0.9832935810483213 0.8794085591937555 0.7005713793937322 0.19531681011433516 0.3695024574174634 0.6052429418335767 1.0 0.0 2 5 7 6 4 4 6 4 0 1 1 0  
0.715111539942648 0.765047790989301 0.12263002013631508 0.9326267428399986 0.9888129630041526 0.3945811929251708 0.26395838486560275 0.4845461732262448 0.377063398793273 0.137170891042125 0.6143646570589099 0.9736046258620006 5 5 7 7 6 5 6 6 1 0 0 0  
0.5817937829633005 0.6138513629739962 0.5464439927514558 0.8892737311220505 0.15353987062346364 0.45355244126864336 0.09210912269758076 0.05907189524438006 0.28939812420724487 0.050490157569311744 0.220477022705571 0.5572722520906602 2 4 4 7 3 2 3 2 0 0 1 0  
1.0 0.0 0.9004458714563977 0.0 0.7566525875478318 1.0 0.7748012192805692 0.2015046449858135 0.5020607132269087 0.41230544595953356 0.7534503727751565 0.5005413572325554 1 7 2 7 5 4 3 6 0 1 0 1  
0.0 0.4050792587205397 1.0 0.7279939017928648 0.10642282385952506 0.0 0.6501279007354333 0.8735237894308678 0.36946862982982887 0.0 0.0 0.5663273341786161 7 1 2 1 1 5 6 5 1 1 1 1  
0.5528558546194173 0.09891258429062816 0.8545014593309121 0.8251093528951242 0.9771894481435911 0.500278432496665 0.8257391577141775 0.6841622380765966 0.0 0.26484647733422084 0.8832587082374295 0.4038778962021109 5 7 2 1 5 2 5 4 0 0 1 0  
1.0 0.35583172042700273 0.658619575028537 0.4975006693302798 0.7974248171015874 1.0 0.7935425754772267 0.6243133786619113 0.5280255362232893 0.6601880037100836 0.5821161537161351 1.0 4 3 7 1 4 5 2 5 1 1 1 1  
0.3033550394067674 0.01699468734592363 0.6412420611263001 0.39735760669229037 0.34235775816299585 0.0907132215646324 0.10426869776503644 1.0 0.29279646160624784 0.18999759376131092 0.746099661732866 0.028948896837093396 4 7 6 5 4 1 6 6 1 0 1 1  
0.022581811993947376 0.7550287043385548 0.3122784654364624 0.11147960439073767 0.33294708264101147 0.1154542537516231 0.4122160217194376 0.26019215185608746 0.17422190941236648 0.337569648689214 0.19141042676082376 0.8328507889175322 1 4 4 5 4 6 5 3 0 0 0 0  
0.8584436221562873 0.014593166388416456 0.7818289846957243 0.0 0.7562985050465076 0.9372469116324961 0.8271348625454178 0.23067419143031742 0.7433867494681354 0.242325495415455 0.5250026643485719 0.6593694243903245 1 6 2 6 6 3 2 5 0 1 0 1  
0.16233456286463754 0.5932630110361606 0.72039973145239 0.12283090040116718 0.4511014945775136 0.7494535302754814 0.8486687806865579 0.7159292686921531 0.8797790018529004 0.14076491918540845 0.12451564174070151 0.0042302440697217225 6 2 2 4 1 4 1 3 0 1 1 0  
0.7650881457417751 1.0 0.7197210103639573 0.1672311815934799 0.9786943717788896 0.5935806936041681 0.3685778714771176 0.357935604854314 0.8441280611547767 1.0 0.05123002745786717 0.8815021574714657 7 2 4 1 1 3 2 5 1 1 0 1  
0.015501564776605137 0.29672838528569745 0.1762261802146794 0.7570962102590757 0.0 0.7114310732353502 0.0 0.2855993932169811 0.80270187890323 0.42584584709345735 0.8760763343097362 0.5429876941857961 7 7 2 4 6 3 2 6 1 1 1 1  
0.5855910216810019 0.6830637766013192 0.8662929843304665 0.7527389939319249 0.46338403557697033 0.4895295992463657 0.86126349410316 0.9816399706937643 0.09969060094316062 0.24812586828776445 0.20502629475520823 0.021484391659986057 3 3 7 4 5 5 6 1 0 1 0 1  
0.4708312712094369 0.6061157084459527 0.6534147431735428 0.020109714595257344 0.2201087655137265 0.4540975451330015 0.45972785761160795 0.30971566732541767 0.6615177492343195 0.9404609548124436 0.9376837498855831 0.435376050457137 6 4 3 4 5 1 6 1 1 1 1 1  
0.21387308362641133 0.8769933059564621 0.4714175333709542 0.44612752403419587 0.4638011420024328 0.46488688072036644 0.108077969143624 0.5141226252717324 1.0 0.0 0.8561653693406133 0.0 7 5 1 1 6 6 4 3 1 0 1 1  
0.3124449272472458 0.4596006260372676 0.43421099978886324 0.69494124932854 0.5740447189203414 0.08270086601403848 0.09667139878775444 0.7853341850677086 0.021246068937841422 0.06141588542503418 0.04488751972896443 0.1564598724767411 2 2 3 4 6 1 2 5 0 1 0 1  
0.8979508730408647 0.5762005810635216 0.25710839864957524 0.3584684464018726 0.0 0.0 1.0 0.34125136079445934 0.4288846472196925 0.0 0.8386040212870038 0.5979692984031568 6 4 4 6 6 5 1 4 1 1 1 0  
0.7898464472782603 0.039534676409105074 0.33785004808027846 0.6180113886819747 1.0 0.48467804452105845 0.5665456639588751 0.0 0.6598481796985187 0.4102326003652823 1.0 0.0 1 7 7 6 5 5 6 1 1 1 1 0  
0.5855910216810019 0.6830637766013192 0.8662929843304665 0.7527389939319249 0.46338403557697033 0.4895295992463657 0.86126349410316 0.9816399706937643 0.09969060094316062 0.24812586828776445 0.20502629475520823 0.021484391659986057 3 3 7 4 5 5 6 1 0 1 0 1  
0.7082549556809119 0.6923216103479439 0.9845352628210527 0.6357528959882265 0.5102380997226206 0.7405761785394106 0.18585735540334147 0.3091831616088293 0.020371248259684616 0.33282515539202195 0.8098293125018332 0.3662817955610398 1 3 5 5 4 3 3 4 0 1 0 0  
0.9828919151305283 0.6335788842483482 0.12144955812928548 0.9477809291927018 0.9199157473332219 0.07497404114995754 0.03604257979136072 0.8290440138296743 0.29849051015080363 0.10007807728998874 0.16418812435193786 0.4699068246672009 3 7 2 7 5 6 5 6 0 1 1 1  
0.968478828788002 1.0 0.6655229720721347 0.0 0.29563685501249154 0.6041399355369556 0.4678408769931188 0.958611266567932 0.1772957552219387 0.5941503816341602 0.3183540090992267 0.09299287976038051 1 3 6 6 3 3 4 2 0 1 1 0  
0.5458941862096949 0.8674323009899667 0.48474017890684606 0.21773149583793738 0.48504400693323413 0.7225118438251761 0.11961431861225869 0.9475341315780991 0.5857747394310477 0.6017309538220191 0.6492463934610122 0.21024867101073275 5 7 7 7 5 1 6 4 0 0 0 1  
0.16793190603267782 0.044341042571346856 0.7511656548482377 0.6157300744843925 0.3178578422128292 0.16827325799359116 0.3000432678699082 0.940967634092555 0.05349203180283857 0.12591071375473728 0.7985405962216613 0.506106006970106 1 7 6 4 4 1 6 6 1 0 1 1  
