0.08706565872349348 0.9661641540742404 0.09546196638307225 0.04382713546558581 0.8287358197976475 0.3991721414781957 2 10 1  
0.5821288751743482 0.44288155450224587 0.7206357011088126 0.7071393316238763 0.05108799988636403 0.24099039257556598 4 9 0  
0.31309759277978466 0.1287358108733362 0.3278206064159882 0.8661641273013063 0.7240068168504488 0.12727372183899766 3 7 1  
0.2129951032128018 0.13289027388673103 0.5020696463045108 0.5321801378064623 0.6475980724970045 0.22330064663487348 7 3 0  
0.1815668558902298 0.12517210278274948 0.09126199215655761 0.48623780020168916 0.8163332016180697 0.5601184755882975 6 10 1  
0.43946758622648896 0.7428635074393669 0.43660044898185446 0.7873580641118051 0.38746441758002237 0.7347814536620336 2 5 0  
0.25082208925418725 0.6998215156221691 0.8591880382563968 0.9145444935611272 0.8002696406687408 0.059423536685336176 2 8 1  
0.496764391161715 0.5686173352850387 0.7976379483071776 0.9129495116808798 0.9588879101938936 0.31036334838105906 8 10 0  
0.4256370391009967 0.7454258563067087 0.7672881926424772 0.3835453102065852 0.16465651812953663 0.7794263055429975 5 6 1  
0.43144711387888895 0.7454258563067087 0.871169782805332 0.3835453102065852 0.16465651812953663 0.7794263055429975 5 9 0  
